1	-7.906586e+01
2	-2.856545e+01
5	7.735290e+00
6	-1.828751e+00
8	-2.545746e+00
10	-1.822510e+01
11	4.315851e+01
12	-8.867274e+01
14	-2.081146e+00
15	2.801900e+01
16	1.865140e+01
17	1.321640e+01
19	-3.590202e+00
20	-1.217796e+00
23	-4.040690e+01
24	-5.324830e+01
25	-4.393850e+01
26	-3.403479e+01
29	-1.610815e+01
32	-4.591666e+01
35	6.806180e+01
36	-5.248056e+01
37	-6.017700e+01
38	-8.193939e+01
39	-2.797394e+00
40	-2.004150e+01
41	4.578993e+01
43	-1.557600e+01
44	-1.414270e+01
45	5.251999e+00
46	-3.355315e+01
47	-3.016545e+01
49	1.580380e+01
50	-3.388690e+01
51	2.839830e+01
53	4.512870e+01
54	3.777250e+01
55	-8.585735e+01
57	-7.779980e+01
58	-4.517995e+01
59	-4.849345e+01
62	-3.576885e+01
66	-6.516391e+01
67	-4.463005e+01
68	2.934709e+01
71	-8.826050e+01
72	-4.646155e+01
75	-6.237961e+01
76	-3.747940e+01
77	-2.303920e-01
78	-5.826820e+01
79	3.577205e+01
81	-3.784305e+01
83	3.103171e+01
85	-3.126615e+01
86	-9.036185e+01
87	3.691310e+01
89	-5.007120e+01
90	-5.120120e+01
91	-2.840805e+01
92	-7.864955e+01
96	2.920015e+01
97	-2.831505e+01
98	-7.407730e+01
99	-8.139810e+01
100	6.827869e+01
101	1.577725e+01
104	-9.520285e+01
105	-7.135320e+01
107	-5.303975e+01
113	-1.440300e+00
114	-8.115449e+01
115	-9.624410e+01
116	-6.515655e+01
124	-6.392405e+01
126	5.527670e+01
128	-8.749371e+01
129	-1.841611e+01
130	-7.107223e+01
131	-4.018216e+01
133	2.274200e+01
135	-8.211826e+01
140	-3.446936e+01
141	-2.469106e+01
145	-9.058110e+01
146	-5.564175e+01
147	-8.669625e+01
150	-1.384250e+01
152	-7.772800e+01
154	-1.488750e+00
155	2.573050e+01
156	2.622990e-01
158	-3.083400e+01
160	4.565145e+01
161	-3.337595e+01
166	-1.506105e+01
168	-5.225995e+01
171	2.612659e+01
173	-1.795899e+00
174	-4.497876e+01
175	-9.557680e+01
176	-4.905940e+01
178	2.224414e+01
181	-1.411786e+01
182	-7.820435e+01
183	-3.153320e+01
184	-8.090379e+01
185	-9.272585e+01
186	1.192540e+01
187	-9.714275e+01
189	-4.291690e+01
190	-6.113095e+01
191	-2.815915e+01
195	-4.413605e+01
198	-8.825391e+01
199	8.061029e+01
200	-5.137635e+01
201	1.673375e+01
204	-3.170070e+01
206	3.616485e+00
207	1.616055e+01
208	-1.238715e+01
211	-8.642810e+01
214	7.415405e+00
217	-3.427831e+01
218	-9.250990e+01
219	3.192810e+01
220	-8.702835e+01
221	-3.048950e+00
223	-8.934045e+01
224	-7.125110e+01
225	-5.270315e+01
226	-9.324105e+01
228	3.097443e+00
229	-2.880140e+01
233	-1.907890e+01
234	-6.921700e+00
239	6.888500e+00
241	-8.799961e+01
243	-1.938275e+01
245	-9.683110e+01
248	-1.036145e+01
250	-5.860365e+01
252	-5.725261e+01
256	-8.502190e+01
257	-8.883680e+01
259	-9.131375e+01
260	-6.561520e+01
261	-5.143740e+01
266	8.620598e+00
267	-1.788800e+01
268	3.366810e+01
270	-8.754770e+01
273	5.585220e+01
274	-1.998254e+01
275	-5.676144e+01
279	-9.325410e+01
281	-6.756415e+01
282	7.281403e+00
284	-9.521844e+01
285	-1.383960e+01
287	-4.891751e+01
290	-5.103445e+01
291	-4.296895e+01
292	-2.993150e+01
294	-2.810065e+01
296	-1.174095e+01
297	-8.922445e+01
301	-6.139310e+01
303	-2.240580e+01
304	7.559719e+01
305	-4.869995e+01
306	-1.083260e+01
307	-8.744154e+01
313	-4.482700e+00
314	1.949405e+01
315	-4.473465e+01
316	3.408911e+01
317	-3.585998e+01
318	-8.983460e+00
319	-3.322101e+01
320	-5.052350e+01
321	-6.203975e+01
323	-9.055411e+01
324	-6.598065e+01
325	-3.268250e+00
327	-5.742059e+01
330	-5.200270e+01
331	-5.312685e+01
334	3.148270e+01
335	-4.306325e+01
336	-4.401739e+01
338	-6.090620e+01
340	1.568199e+01
341	4.033095e+01
342	-5.458455e+01
344	-3.611030e+01
345	-8.953094e+01
346	-1.080575e+01
347	1.985540e+01
350	-1.326285e+01
351	4.188571e+01
354	2.919455e+01
355	-7.847925e+01
356	-2.522760e+01
357	-1.870850e+01
358	-5.211130e+01
359	-5.093100e+01
361	-2.941701e+01
362	-6.839249e+00
364	-7.330765e+01
366	-3.794070e+01
367	-4.691610e+01
368	3.972570e+01
369	-5.407315e+01
371	-5.846585e+01
372	-6.171635e+01
377	-4.244500e+01
378	-7.353105e+01
379	5.015670e+01
380	-7.012250e+01
381	-7.417335e+01
384	-8.232195e+01
388	-7.711050e+00
390	-6.981101e+01
392	-8.937735e+01
393	-8.631349e+01
394	-5.315851e+01
397	-4.874161e+01
398	-5.430450e-01
399	-4.970010e+01
401	-9.254105e+01
403	-5.090080e+01
405	5.423450e+01
407	-8.013545e+01
409	-6.851465e+01
411	-3.112300e+01
414	5.079871e+01
415	-7.360250e+01
418	8.278395e+01
419	-4.581760e+01
420	-4.237360e+01
421	-9.161090e+01
423	-9.854149e+00
425	-4.607785e+01
427	-4.047055e+01
429	-5.675925e+01
430	1.528250e+01
431	2.357434e+01
432	-3.060058e+00
433	3.046756e+01
434	2.715115e+01
436	-1.637369e+01
437	-1.012325e+02
438	-8.377315e+01
440	1.040314e+00
443	-9.421195e+01
444	-8.938765e+01
451	-9.092371e+01
452	-4.607700e+01
454	-2.655611e+01
455	-1.236240e+01
456	6.436691e+01
459	-2.403065e+01
461	-9.058990e-01
462	-4.761380e+01
465	-3.266879e+01
466	-6.825780e+01
470	1.551710e+01
474	-2.771000e-01
475	-7.146805e+01
480	-9.428185e+01
481	-5.516745e+01
483	4.517255e+01
488	-4.062860e+01
489	-4.712625e+01
492	-3.289848e+00
493	1.227815e+01
494	-8.281010e+01
495	-8.229820e+01
498	3.080435e+01
501	-1.446770e+01
504	-9.690030e+01
507	1.914905e+01
508	-6.645660e+01
509	-7.669708e+00
510	-2.529401e+01
511	7.761737e+01
512	-8.622110e+01
513	1.670779e+01
514	-9.162935e+01
516	-2.951441e+01
518	9.739990e+00
527	3.253004e+01
531	-5.233316e+01
532	-8.458900e+01
533	-2.171745e+01
535	-4.841905e+01
536	-8.392349e+00
537	-4.909315e+01
538	-6.377475e+01
540	3.276200e+00
542	-3.934990e+01
545	-4.625540e+01
548	2.354990e+01
550	1.448150e+00
553	4.390711e+01
554	-4.757390e+01
556	-9.956790e+01
557	3.709555e+01
559	7.893460e+01
560	-2.991925e+01
561	3.940155e+00
562	-6.731751e+01
564	-2.115135e+01
566	2.372902e+00
567	1.178199e+00
571	-6.570890e+01
572	-5.735000e-02
574	-5.090395e+01
576	-6.491615e+01
578	-4.621870e+01
579	-8.268852e+00
580	-7.788400e+01
584	-1.969010e+01
587	-6.586405e+01
589	-1.880765e+01
590	3.496949e+00
591	5.699896e+01
592	5.440186e+00
595	-6.105273e+01
597	4.336685e+01
598	-6.556619e+01
601	-3.357745e+01
602	-3.196329e+01
603	2.124396e+01
604	4.805997e+01
605	-9.637601e+01
606	-6.862830e+01
607	-4.044385e+01
608	-4.386745e+01
610	-9.077940e+01
612	-2.994615e+01
614	-5.643655e+01
616	-3.904511e+01
617	-1.709560e+01
618	5.371829e+01
619	4.666995e+01
620	-6.852447e+00
621	-1.299330e+01
622	-6.188105e+01
623	-3.820325e+01
624	-5.361070e+01
625	-5.340915e+01
626	-1.383211e+01
627	-5.803848e+00
629	-3.469365e+01
630	2.442226e+01
631	1.192285e+01
632	-8.888360e+01
633	-4.734600e+01
634	4.359964e+01
636	-9.313050e+00
637	-1.009620e+02
639	-9.467450e+01
640	5.357584e+01
642	-3.854655e+01
643	-5.938120e+01
647	-3.815295e+01
650	-9.300105e+01
651	-7.505100e+01
652	-7.097345e+01
660	-5.399991e+01
661	-7.202315e+01
662	-6.251260e+01
664	-3.444781e+01
665	-3.017285e+01
666	-4.830374e+01
667	-9.247391e+01
668	7.693735e+01
670	-5.057130e+01
671	-1.695151e+01
672	-2.148160e+01
673	-5.264369e+01
674	-9.360706e+01
675	-2.804105e+01
676	-4.761665e+01
677	-2.630389e+01
679	-3.123680e+01
680	-1.774130e+01
681	-2.812275e+01
682	-5.011325e+01
683	-5.453840e+01
684	-5.651385e+01
685	-8.568335e+01
686	-9.611900e+00
687	-3.823935e+01
688	-5.271675e+01
689	-5.108675e+01
691	-1.633455e+01
693	-5.086905e+01
694	-1.648431e+01
695	-7.075522e+01
698	-5.962372e+01
700	-7.486325e+01
701	-7.891864e+01
702	-6.055760e+01
703	2.496796e+00
705	-7.769466e+01
712	-5.541510e+01
713	-7.800246e+01
714	-1.018690e+02
715	8.365111e+01
716	-2.435645e+01
717	-2.159210e+01
725	-8.702310e+01
728	-5.321500e+01
729	-2.218849e+01
731	8.422328e+01
734	6.029625e+01
735	-4.956435e+01
738	-4.679580e+01
739	-5.559175e+01
740	-9.057420e+01
741	5.349550e+01
743	5.744679e+01
744	-6.076715e+01
745	-5.108460e+01
746	-8.873160e+01
747	-2.546900e+01
748	-5.178995e+01
750	-9.003660e+01
751	-7.784395e+01
752	-5.274840e+01
753	-9.657800e+01
754	-5.926320e+01
755	-4.692300e+01
758	1.627365e+01
759	-7.555930e+01
762	-2.994470e+01
764	-4.916455e+01
765	-6.736285e+01
766	-6.507155e+01
767	-4.535120e+01
770	6.513992e+00
771	-4.062360e+01
772	-7.146010e+01
773	-5.887505e+01
774	-4.964764e+01
776	-1.399284e+01
777	-4.694385e+01
778	8.068547e+01
779	-4.941020e+01
781	-6.902745e+01
782	-5.880011e+01
784	2.755870e+01
785	-5.197119e+01
788	-3.979530e+01
789	5.759247e+00
790	-4.390309e+01
792	3.900670e+01
793	1.905361e+01
794	-9.561134e+01
796	-2.738265e+01
797	-6.966003e+00
798	-8.825790e+01
799	-1.735095e+01
800	-6.716680e+01
801	1.704840e+01
802	-3.569151e+01
803	-9.626475e+01
805	-9.222270e+01
807	8.714156e+01
808	-4.225540e+01
812	-7.615900e+01
814	-9.853026e+01
817	-4.348690e+01
819	-1.353245e+01
824	-8.806033e+01
826	7.135022e+01
827	-2.484845e+01
832	1.188025e+01
833	-9.579530e+01
837	-4.196829e+01
840	-3.681355e+01
842	-6.924980e+01
843	-8.268961e+01
845	-7.754548e+00
846	-5.520636e+01
847	-9.629425e+01
850	-4.735256e+01
851	-2.583569e+01
852	-7.312925e+01
853	-8.725265e+01
854	-5.222840e+01
855	5.212500e+01
856	-9.560705e+01
862	-5.656965e+01
865	4.821551e+01
867	-5.589705e+01
868	-3.672653e+00
869	3.351035e+01
870	8.796560e+01
874	-4.402570e+01
875	1.894290e+01
876	3.998390e+01
877	7.586125e+01
878	-9.660975e+01
880	-6.166585e+01
881	-4.993485e+01
882	1.547560e+01
887	-3.189255e+01
889	-3.272210e+01
890	-2.972000e+01
891	-2.195260e+01
892	-9.516259e+01
893	-6.218290e+01
895	-6.343787e+01
897	-5.357282e+01
899	5.356592e+01
900	-3.391864e+01
901	2.914999e+01
902	-9.106940e+01
903	-9.354120e+01
905	-5.316571e+01
909	-8.816016e+01
912	1.793579e+01
913	-8.867445e+01
915	-2.385831e+01
916	4.284605e+01
917	-4.726070e+01
918	-9.462260e+01
920	1.346840e+01
921	-8.578299e+01
923	6.037039e+01
924	-2.907950e+01
925	-7.702620e+01
926	-3.998869e+01
927	-9.786615e+01
931	-2.587708e+00
932	-8.553810e+01
933	2.163449e+01
935	-5.356120e+01
937	-5.475810e+01
938	-3.138844e+01
940	-1.040998e+02
942	2.861841e+01
948	-9.451035e+01
950	-7.277985e+01
953	1.303555e+01
956	-1.209845e+01
957	-3.376345e+01
958	-3.230030e+01
960	1.015125e+01
964	-7.085602e+00
968	-5.584445e+01
969	7.603379e+01
970	-9.321475e+01
971	4.580780e+01
973	6.103545e+01
975	-3.735970e+01
976	-1.083835e+02
977	2.908105e+01
978	-4.684755e+01
982	-3.984585e+01
983	-2.741995e+01
986	5.208095e+01
990	2.360095e+01
991	5.312500e+00
995	8.247394e+01
997	-9.473740e+01
998	-5.653925e+01
1001	4.306485e+01
1005	-9.315271e+01
1006	-4.464075e+01
1007	1.583914e+01
1008	4.387189e+01
1009	6.798135e+01
1010	-1.933005e+01
1012	-5.416035e+01
1015	-6.777686e+01
1016	-6.659045e+01
1018	-1.215175e+01
1019	-9.501630e+01
1021	-3.777769e+01
1023	2.465570e+01
1024	-4.536916e+01
1026	-1.037031e+02
1027	-4.194575e+01
1028	-1.038923e+02
1029	-7.042755e+00
1030	-3.017239e+01
1035	-2.938686e+01
1036	-3.651779e+01
1038	-8.895900e+01
1039	5.390315e+01
1041	-9.248045e+01
1043	4.856598e+00
1045	7.938725e+01
1046	-9.947630e+01
1048	-6.813535e+01
1052	-1.599325e+01
1055	-1.015885e+01
1060	4.674599e+01
1062	-7.051680e+01
1063	-6.616220e+01
1064	-4.695390e+01
1066	-8.990550e+01
1069	-4.395695e+01
1071	6.523251e+00
1072	-6.175350e+01
1075	-6.092695e+01
1076	-1.141040e+01
1078	-6.760060e+01
1079	-8.705830e+01
1080	-7.725020e+01
1082	-6.254735e+01
1085	-3.579255e+01
1088	-4.183800e+01
1089	-9.078975e+01
1090	-6.674315e+01
1092	-8.762445e+01
1093	-1.053806e+02
1094	3.382324e+01
1101	-1.448450e+01
1103	6.323529e+01
1108	3.413531e+01
1109	-6.564453e+00
1113	-9.011011e+01
1115	-1.275821e+01
1118	-8.766251e+01
1119	-6.268095e+01
1120	-8.770950e+01
1122	-7.278855e+01
1124	-8.719720e+01
1126	-1.079752e+02
1133	-2.630360e+01
1136	7.622205e+01
1144	8.501340e+01
1148	-5.930575e+01
1149	-5.779670e+01
1152	6.314680e+01
1164	-6.592245e+01
1165	-2.867705e+01
1168	-9.071130e+01
1169	-5.050115e+01
1170	2.078840e+01
1171	-8.522670e+01
1175	-4.576720e+01
1176	-4.284130e+01
1177	-2.517950e+01
1178	-3.228945e+01
1179	-3.717800e+01
1180	-3.011915e+01
1181	-1.133640e+01
1183	-8.878165e+01
1184	-6.590550e+01
1186	-5.725735e+01
1187	-1.941800e+01
1188	2.395000e-01
1197	9.413392e+00
1199	-2.742380e+01
1201	-6.747336e+01
1204	-6.028220e+01
1205	-1.998325e+01
1206	-7.465366e+01
1209	-9.099774e+01
1210	-5.897705e+01
1214	-4.004926e+01
1215	-4.949425e+01
1218	-3.203494e+01
1220	-6.209314e+01
1221	-9.983270e+01
1222	-4.423834e+01
1223	3.012180e+01
1224	-4.887094e+01
1226	2.856689e+00
1232	-2.381220e+01
1233	3.951797e+00
1235	-6.768490e-01
1237	-9.806175e+01
1238	-2.728215e+01
1241	-5.486745e+01
1242	3.550345e+01
1245	-4.071715e+01
1246	-4.475145e+01
1248	-5.846269e+01
1249	-7.890645e+01
1252	-5.504475e+01
1253	-2.862520e+01
1256	-1.024156e+02
1258	-4.427844e+01
1269	-2.769595e+01
1270	-5.241510e+01
1271	-6.765015e+01
1272	-2.513280e+01
1273	-3.787330e+01
1274	-5.808650e+01
1275	-5.282565e+01
1278	-9.294780e+01
1279	-5.107950e+01
1282	-5.891165e+01
1284	-1.195150e+01
1287	7.385745e+01
1291	9.156547e+00
1292	-1.637430e+01
1293	-6.193995e+01
1294	7.021049e+00
1295	-5.533530e+01
1298	4.111885e+01
1299	-6.333975e+01
1300	-9.111920e+01
1302	-5.322620e+01
1303	-5.513565e+01
1304	-7.746896e+01
1305	-3.814789e+01
1307	-4.942746e+01
1308	-2.493155e+01
1309	-5.215936e+01
1312	-4.437735e+01
1313	-6.393800e+01
1318	-8.412875e+01
1319	-9.900147e+00
1320	-9.207245e+00
1321	-9.232530e+01
1325	-3.196921e+01
1326	-3.117120e+01
1327	5.257203e+00
1329	5.729141e+01
1330	3.166486e+01
1331	-3.762750e+01
1332	2.505530e+01
1333	-5.022644e+00
1335	1.740216e+01
1336	-1.278900e+00
1338	-9.048891e+01
1339	-7.509485e+01
1340	-6.349655e+01
1342	-9.334634e+01
1343	-1.753395e+01
1345	-9.000785e+01
1348	-5.491545e+01
1349	-4.496780e+01
1350	-8.990860e+01
1353	-7.113930e+01
1354	6.151398e+00
1355	-5.629944e+00
1357	-5.231045e+01
1359	-2.124035e+01
1365	-3.904015e+01
1366	-5.412580e+01
1367	-6.689975e+01
1368	-4.416680e+01
1370	-7.700505e+01
1372	-6.742215e+01
1379	-4.194925e+01
1380	-6.415649e+00
1381	1.111265e+01
1382	-6.263680e+01
1384	-4.750640e+01
1385	-4.421585e+01
1386	-4.019400e+01
1387	-4.156189e+01
1388	-1.216650e+01
1389	-4.401849e+01
1390	-6.381561e+01
1391	-8.524980e+01
1393	2.283829e+01
1394	-3.535831e+01
1396	-8.364984e+01
1397	-5.959994e+01
1398	9.330597e+00
1399	-8.933290e+01
1400	5.810779e+01
1404	-4.817465e+01
1405	-6.502715e+01
1406	-2.255286e+01
1408	-4.300450e+01
1409	-2.870605e+01
1410	-7.485705e+01
1415	2.414349e+01
1416	8.579739e+01
1417	2.234425e+01
1419	-3.017775e+01
1420	-5.142105e+01
1422	-8.827365e+01
1423	-5.482325e+01
1424	-3.992605e+01
1425	-7.944325e+01
1426	-3.982980e+01
1429	-1.061585e+01
1430	-4.941905e+01
1431	-1.827435e+01
1432	1.766420e+01
1433	-2.772315e+01
1436	-3.088620e+01
1438	1.713460e+01
1439	-3.346775e+01
1441	-5.271895e+01
1442	-2.925375e+01
1445	-4.717215e+01
1446	-5.994985e+01
1447	-8.266445e+01
1448	2.172050e+00
1449	-8.184575e+01
1450	1.788495e+01
1453	4.524335e+01
1455	1.582770e+01
1456	2.971426e+01
1457	-7.148581e+01
1460	-3.109619e+01
1461	-8.778619e+01
1462	-5.925870e+01
1463	-2.934619e+01
1464	-8.271326e+01
1465	-9.067360e+01
1466	4.736151e+01
1469	4.018366e+01
1470	-3.250909e+01
1471	-4.387520e+01
1472	-4.582539e+01
1474	4.606589e+01
1475	-5.614896e+01
1477	-4.847646e+01
1478	-8.833696e+01
1479	-3.678191e+01
1480	-3.378046e+01
1482	1.167371e+01
1483	5.336490e+01
1484	-1.521249e+01
1485	-2.970990e+01
1486	7.240143e+00
1488	-9.221000e+01
1489	-1.354311e+01
1491	-2.658140e+01
1492	-7.811740e+01
1493	4.118691e+01
1495	-1.770235e+01
1496	1.159090e+01
1497	-1.705645e+01
1500	-9.992455e+01
1501	-2.829840e+01
1504	-1.857090e+01
1506	-2.737630e+01
1507	6.670255e+01
1510	-4.281575e+01
1514	-9.496745e+01
1517	1.146460e+01
1519	2.624305e+01
1520	-3.497051e+00
1522	4.381035e+01
1523	1.650975e+01
1527	-9.070560e+01
1528	-5.852115e+01
1529	-4.480680e+01
1530	-4.225570e+01
1534	-3.196649e+01
1535	8.057126e+01
1537	-2.414709e+01
1539	7.303461e+01
1540	-4.830695e+01
1541	-3.151526e+01
1543	4.057211e+01
1544	-8.286360e+01
1545	2.412820e+01
1546	-4.313921e+01
1547	-6.083900e+01
1548	-4.569705e+01
1549	-6.523524e+01
1550	-4.541425e+01
1551	-4.804996e+01
1552	-2.257726e+01
1555	-1.217955e+01
1556	-1.008791e+01
1557	-9.012485e+01
1558	-8.311070e+01
1560	-1.802040e+01
1561	-7.288396e+01
1563	-3.202460e+01
1564	-4.725693e+00
1566	-1.040124e+01
1569	-6.116405e+01
1570	-1.285970e+01
1571	2.056250e+01
1572	-8.157825e+01
1573	-4.496315e+01
1574	-9.433195e+01
1575	2.194486e+01
1576	7.758490e+01
1578	-6.000975e+01
1581	-2.503799e+01
1582	-8.378245e+01
1590	3.868535e+01
1592	2.404774e+01
1593	2.370094e+01
1594	-1.162900e+01
1596	-6.046405e+01
1600	-7.106855e+01
1601	-2.640410e+01
1602	-2.917885e+01
1603	-5.960760e+01
1606	-2.708505e+01
1608	3.018555e+01
1610	-4.522325e+01
1611	-7.884400e+01
1613	-8.710120e+01
1615	3.847555e+01
1618	5.571710e+01
1619	-6.136440e+01
1620	-5.640190e+01
1621	-9.180615e+01
1624	-8.240915e+01
1626	-3.925629e+01
1627	-5.849854e+01
1628	-5.185474e+01
1632	-8.702060e+01
1633	7.929462e+01
1634	-8.761365e+01
1636	1.995084e+01
1637	5.663785e+01
1638	-9.708784e+01
1639	-2.524020e+01
1640	-5.336404e+01
1641	-3.666154e+01
1642	-8.371670e+01
1644	-9.769505e+01
1648	3.771645e+01
1649	-5.664169e+01
1651	-2.198041e+01
1653	-9.379245e+01
1657	-8.988540e+01
1658	-7.521495e+01
1661	3.336165e+01
1662	-8.990970e+01
1663	-2.198375e+01
1666	6.128505e+01
1667	-5.579870e+01
1668	-6.943100e+01
1669	-8.127070e+01
1672	-9.029880e+01
1674	-1.716385e+01
1675	2.818829e+01
1677	-9.131365e+01
1678	-4.255705e+01
1680	-3.562115e+01
1681	4.414195e+01
1682	-1.258285e+01
1688	-8.780905e+01
1689	-7.108730e+01
1690	-8.376660e+01
1691	-7.133055e+01
1692	-1.042000e+01
1694	-4.484345e+01
1695	-5.743670e+01
1696	-5.742400e+01
1697	-7.927165e+01
1698	-4.556285e+01
1699	4.094601e+00
1701	-7.784720e+01
1704	5.640540e+01
1705	-8.902230e+01
1706	1.699090e+01
1708	-5.662045e+01
1711	-6.653894e+01
1712	-5.244800e+01
1715	-6.851019e+01
1721	2.934354e+01
1722	-9.648995e+01
1724	-9.210155e+01
1725	-2.173700e+01
1727	-5.455859e+01
1735	-7.871596e+01
1737	2.550003e+00
1738	4.892699e+01
1742	4.873085e+01
1743	-2.709395e+01
1744	-8.435851e+01
1746	-5.555530e+01
1750	-8.995565e+01
1751	-6.014945e+01
1756	-8.459110e+01
1759	-4.454660e+01
1760	-1.839900e+01
1764	6.842964e+01
1766	1.168535e+01
1767	2.401535e+01
1768	-3.353550e+01
1770	1.124820e+01
1772	-3.185725e+01
1773	-5.403080e+01
1774	-3.741870e+01
1776	-5.442690e+01
1777	-3.532030e-01
1781	-5.172270e+01
1782	-4.927510e+01
1783	-1.861765e+01
1784	-4.235335e+01
1785	-4.466815e+01
1786	-7.411310e+01
1787	-5.386760e+01
1788	-4.789690e+01
1789	-4.665100e+00
1791	-4.396771e+01
1794	-6.753095e+01
1795	-7.572229e+01
1798	-4.288010e+01
1800	6.307410e+01
1803	-4.401788e+01
1806	-9.748830e+01
1807	-9.196030e+01
1810	-2.955136e+01
1811	-6.226904e+01
1814	-1.175436e+01
1818	4.995160e+01
1819	-7.245290e+01
1820	-2.208165e+01
1822	-6.733001e+00
1828	3.032809e+01
1830	2.970630e+01
1832	-8.766541e+01
1834	-9.994285e+01
1836	4.355464e+01
1837	-1.107985e+01
1844	1.548325e+01
1845	-6.567350e+01
1854	4.593045e+01
1856	-4.544345e+01
1862	8.095656e+01
1863	-4.198735e+01
1866	-8.832645e+01
1867	1.629820e+01
1868	4.313791e+01
1869	4.821548e+00
1870	2.770855e+01
1872	-3.348920e+01
1873	-8.952625e+01
1876	5.506555e+01
1877	-8.803769e+01
1878	-2.206210e+01
1879	-1.150391e+02
1885	-2.867380e+01
1886	3.629571e+01
1889	-4.628555e+01
1890	-2.919600e+01
1892	-3.719106e+01
1893	-7.828716e+01
1895	-4.974359e+01
1903	-9.635049e+01
1907	-1.070476e+02
1908	-8.918445e+01
1909	1.762451e+00
1912	2.666995e+01
1913	3.766385e+01
1915	-2.998990e+01
1922	-5.873100e+01
1924	-3.786114e+01
1925	5.219824e+01
1926	6.777365e+01
1930	-8.969735e+01
1931	-9.543460e+01
1932	-5.551860e+01
1933	-1.834098e+00
1934	-1.394815e+01
1935	6.228798e+00
1936	3.017950e+01
1938	-2.420075e+01
1939	5.398998e+00
1940	3.616464e+01
1941	-3.236380e+01
1942	-9.049991e+01
1943	-4.742319e+01
1944	-4.493945e+01
1945	-9.704102e+00
1946	-9.275340e+01
1947	2.627301e+01
1948	1.023901e+01
1949	5.266281e+01
1950	1.192545e+01
1951	-8.544640e+01
1952	-1.131164e+01
1953	-5.718465e+01
1955	-5.173520e+01
1957	-6.914154e+00
1959	-8.284109e+01
1962	-4.324220e+01
1963	-3.700165e+01
1965	8.225098e+00
1967	-6.258145e+01
1968	-6.578426e+01
1970	-8.922575e+01
1971	-5.746200e+01
1974	-8.886890e+01
1976	-4.997060e+01
1978	5.865939e+01
1979	-9.117005e+01
1981	-4.543256e+01
1982	-6.803680e+01
1984	-6.317015e+01
1987	1.266660e+01
1988	1.929170e+01
1989	-5.930710e+01
1990	-7.584700e+01
1991	2.916695e+01
1993	-4.276815e+01
1996	-7.896375e+01
1997	-2.922630e+01
1998	1.829179e+01
1999	-8.812930e+01
2001	-5.027810e+01
2005	4.529000e+01
2007	-4.215700e+01
2008	-2.875645e+01
2011	-8.764805e+01
2012	-4.136015e+01
2013	8.214348e+00
2014	-5.825550e+01
2015	6.622101e+00
2016	7.060645e+01
2017	-3.384170e+01
2021	-7.311290e+01
2023	-3.545415e+01
2025	3.582401e+00
2026	-8.731270e+01
2027	1.297155e+01
2028	-9.138581e+01
2029	1.503265e+01
2030	-8.834756e+01
2031	-1.881561e+01
2035	-4.362399e+01
2036	5.335056e+01
2037	-8.967650e+01
2038	-6.788100e+01
2039	1.070050e+01
2040	-1.090074e+02
2041	-5.561705e+01
2042	-4.295020e+01
2043	-3.896925e+01
2044	-8.513501e+01
2047	-8.594435e+01
2048	-4.721506e+01
2055	-5.295599e+01
2058	-6.941631e+01
2059	-8.895650e+01
2061	-9.110900e+01
2062	4.107510e+01
2063	-4.953325e+01
2064	-7.196055e+01
2065	-2.980540e+01
2066	-5.753525e+01
2067	4.122125e+01
2069	-9.740495e+01
2073	-5.290847e+00
2080	8.655106e+01
2081	7.167246e+01
2083	8.702025e+01
2085	1.718996e+01
2086	-4.193640e+01
2088	-3.268040e+01
2089	-2.153210e+01
2091	-5.262075e+01
2094	-2.534190e+01
2097	-1.987335e+01
2098	-8.552660e+01
2099	2.505790e+01
2100	-1.212275e+01
2102	-1.599602e+00
2103	-4.377375e+01
2104	6.209220e+01
2105	1.151645e+01
2106	-4.392002e+00
2107	-8.772940e+01
2108	4.780395e+01
2109	-9.234061e+01
2110	6.501776e+01
2112	-8.818985e+01
2113	-5.752899e+01
2114	2.619940e-01
2115	-2.585974e+01
2116	2.305301e+01
2117	-6.584531e+01
2118	-2.585374e+01
2121	-2.705240e+01
2122	-6.791501e+01
2123	-5.032600e+01
2127	-3.467116e+01
2130	-9.124789e+01
2131	1.200620e+01
2133	-6.294403e+00
2135	-4.152875e+01
2137	-9.262730e+01
2139	-4.312180e+01
2140	-2.736909e+01
2141	-2.780971e+01
2143	-8.589935e+01
2144	-3.907655e+01
2145	-3.069075e+01
2147	3.168855e+01
2148	-4.511830e+01
2149	-5.361990e+01
2151	4.884215e+01
2152	4.448309e+01
2153	2.980804e+00
2154	1.795775e+01
2155	7.446490e+01
2156	-3.152047e+00
2158	-6.229455e+01
2161	-7.055925e+01
2162	-3.534500e+01
2163	-4.414560e+01
2165	-4.467265e+01
2166	-9.055984e+01
2168	-2.673775e+01
2169	-1.187475e+01
2170	1.609001e+00
2171	-6.713540e+01
2173	-7.622170e+01
2175	-4.915985e+01
2176	-5.648300e+01
2177	-8.631790e+01
2178	3.008560e+01
2179	-8.319418e+01
2181	-8.670938e+01
2183	-3.604172e+01
2186	-9.503834e+01
2191	-9.396396e+01
2192	8.176721e+01
2193	-9.033850e+01
2197	6.004929e+01
2200	1.458185e+01
2202	-2.540640e+01
2203	-8.942835e+01
2205	6.476044e+00
2207	-5.735594e+01
2211	3.002089e+01
2212	-6.371291e+01
2220	-7.971365e+01
2224	-6.872015e+01
2225	-4.540805e+01
2226	2.213547e+00
2227	-8.043845e+01
2228	-1.852200e+01
2229	-1.804440e+01
2230	-3.264950e+01
2231	5.213345e+01
2232	-4.676075e+01
2233	-3.077805e+01
2234	-2.752640e+01
2235	-5.058953e+00
2236	-2.697865e+01
2238	-4.900230e+01
2239	-5.662385e+01
2240	-9.404500e+01
2241	8.357750e+00
2242	-5.390300e+01
2245	-9.280290e+01
2246	-5.334760e+01
2249	-2.865260e+01
2254	1.077385e+01
2255	-4.071555e+01
2256	-3.203375e+01
2257	2.931920e+01
2259	-5.052594e+01
2260	-1.929099e+01
2261	-6.924036e+01
2262	-9.126425e+01
2264	-4.913117e+01
2265	-6.294519e+01
2267	-3.511002e+01
2268	-3.500446e+01
2270	-4.726120e+01
2272	-4.413290e+01
2273	-6.683319e+01
2274	3.826917e+01
2276	4.518369e+01
2280	-1.332071e+01
2283	7.651559e+01
2285	-4.929175e+01
2286	-5.920900e+01
2287	-4.406015e+01
2288	-5.733095e+01
2289	-5.991176e+01
2291	-4.372803e+00
2292	6.960255e+01
2293	8.217605e+00
2294	-2.667145e+01
2295	-4.899400e+01
2299	3.167529e+01
2301	-7.560680e+01
2302	-5.171034e+01
2303	-2.959109e+01
2306	-9.655895e+01
2308	-2.849700e+00
2313	-2.196243e+00
2314	-9.245060e+01
2315	3.522049e+00
2316	2.616851e+00
2318	4.684470e+01
2321	6.358452e+00
2322	-9.151350e+01
2323	-2.427115e+01
2324	-3.819205e+01
2325	-4.014390e+01
2329	-8.370205e+01
2331	-9.139854e+01
2334	-1.056610e+01
2335	3.267265e+01
2336	-1.818970e+01
2337	-3.729181e+01
2338	-8.222620e+01
2340	3.553546e+01
2341	-9.439960e+01
2342	-8.686995e+01
2344	-8.920456e+01
2348	-8.705170e+01
2349	-4.559531e+01
2351	2.333914e+01
2352	-8.594810e+01
2353	-1.280734e+01
2355	-4.232996e+01
2356	-5.618726e+01
2358	-8.803325e+01
2360	-9.134300e+01
2361	-5.823610e+01
2362	-9.513209e+01
2366	-8.860240e+01
2368	-1.022171e+01
2370	-5.097255e+01
2371	-8.879950e+01
2372	-9.312160e+01
2375	2.589600e+01
2377	-1.856265e+01
2378	2.595171e+01
2380	-8.323109e+01
2381	-3.702855e+01
2384	-7.369960e+01
2387	-8.787930e+01
2396	6.104935e+01
2398	-4.659490e+01
2399	-4.788745e+01
2400	-7.307185e+01
2401	-8.558791e+01
2403	5.834145e+01
2407	6.401299e+01
2408	-5.018240e+01
2409	-4.768620e+01
2411	-8.623081e+01
2412	-1.311225e+01
2413	-5.301180e+01
2414	-8.313710e+01
2415	-4.944695e+01
2419	-3.720370e+01
2420	-7.707415e+01
2421	5.581705e+01
2423	-5.278690e+01
2424	-6.470555e+01
2425	3.967834e+01
2426	-4.884390e+01
2427	-3.071225e+01
2428	-1.010556e+01
2429	-1.360754e+01
2430	-5.992340e+00
2431	-1.439359e+01
2432	-9.015355e+01
2433	-9.132745e+01
2436	-5.204355e+01
2437	1.291010e+01
2438	-3.010449e+01
2439	-9.881841e+01
2440	-2.665802e+00
2441	-4.455380e+01
2442	-3.590320e+01
2443	-5.800626e+01
2444	-3.467700e+01
2446	-3.908490e+01
2448	-6.144150e+00
2450	-7.445136e+01
2452	-4.705070e+01
2453	-5.041315e+01
2458	-3.696434e+01
2459	-6.875319e+01
2460	-4.007310e+01
2462	4.194244e+00
2463	-2.899025e+01
2464	-3.115356e+00
2465	-4.441875e+01
2466	-5.748125e+01
2467	5.988051e+01
2468	-1.077870e+01
2469	-8.916810e+01
2470	-4.551905e+01
2471	-5.628940e+01
2472	7.930760e+01
2473	-4.416990e+01
2474	4.722325e+01
2475	-6.782670e+01
2479	-1.610310e+01
2480	5.201339e+01
2481	-4.181130e+01
2482	1.813110e+01
2488	7.120048e+00
2489	-9.138475e+01
2491	-4.273480e+01
2492	-9.518375e+01
2493	-9.197694e+01
2496	5.467500e+01
2497	-2.341045e+01
2498	-3.572435e+01
2500	-3.863004e+01
2501	-3.939856e+01
2502	-8.662801e+01
2503	1.665091e+01
2504	-5.414755e+01
2506	-3.589081e+01
2511	-1.044707e+02
2516	-3.267129e+01
2518	-5.325989e+00
2519	1.143605e+01
2520	-9.039200e+01
2522	-9.330499e+01
2525	-5.266760e+01
2529	-5.247090e+01
2530	-5.812125e+01
2532	-1.476614e+01
2533	-8.669905e+01
2537	-7.737106e+00
2541	-5.559135e+01
2543	-4.635970e+01
2546	-9.281930e+01
2547	-3.079160e+01
2548	4.311435e+01
2553	7.122075e+01
2554	-1.962555e+00
2555	-1.645843e+00
2556	-5.796752e+00
2557	-9.170165e+01
2560	-3.952820e+01
2564	2.757224e+01
2565	-8.839570e+01
2567	2.901019e+01
2568	3.982494e+01
2569	1.853653e+00
2570	-5.331720e+01
2571	-7.796570e+01
2573	3.285240e+01
2575	-3.690290e+01
2576	-4.007230e+01
2577	-3.094260e+01
2580	-4.753695e+01
2581	1.282620e+01
2582	-6.504300e+01
2583	3.886660e+01
2585	-6.263403e+01
2587	-8.554710e+01
2591	1.126984e+01
2593	-3.051211e+01
2594	-2.057105e+01
2595	-1.757989e+01
2596	-4.194150e+01
2597	-1.026693e+02
2598	-3.645184e+01
2599	-6.361066e+01
2602	-6.632170e+01
2605	-9.914520e+01
2607	-5.093280e+01
2610	-5.565454e+01
2615	6.301329e+01
2619	-8.433705e+01
2622	-2.365814e+01
2623	-5.659305e+01
2625	-7.424985e+01
2626	-9.244705e+00
2629	1.471530e+01
2630	-4.050380e+01
2631	-3.372935e+01
2632	-7.178720e+01
2634	-7.379565e+01
2635	-8.442480e+01
2636	-5.386985e+01
2639	-6.271149e+00
2640	-7.640304e+00
2641	-4.577960e+01
2642	-4.271040e+01
2645	-2.676940e+01
2651	-6.508260e+01
2652	3.208100e+01
2654	-2.467010e+01
2655	-4.116405e+01
2656	-6.254620e+01
2657	-3.345775e+01
2658	4.204285e+01
2659	-5.046105e+01
2661	-9.207610e+01
2663	-6.014295e+01
2665	3.371479e+01
2666	7.183666e+01
2667	-2.553315e+01
2669	3.756287e+01
2670	9.723694e+00
2672	-7.065399e+01
2673	-1.463739e+01
2674	2.014251e+00
2676	5.065094e+00
2677	-8.683095e+01
2678	-6.805981e+01
2683	-2.579895e+01
2685	-9.107025e+01
2687	-5.992160e+01
2691	-5.617065e+01
2692	2.738281e+01
2693	-8.285985e+01
2696	-1.056077e+02
2699	5.035335e+01
2700	4.653397e+01
2703	-1.390816e+01
2704	-7.319174e+01
2705	-4.780426e+01
2708	-4.993664e+01
2710	-5.226590e+01
2711	-6.293145e+01
2713	-1.015915e+01
2714	2.477484e+01
2716	-8.031540e+01
2718	-8.908910e+01
2719	4.592105e+01
2721	-5.052150e+01
2724	2.361360e+01
2725	5.040045e+01
2727	-8.424700e+01
2728	-3.460970e+01
2732	2.671790e+01
2733	-8.156245e+01
2735	-8.767325e+01
2737	-9.416145e+01
2738	-2.591090e+01
2739	-9.586745e+01
2740	3.760656e+01
2741	-5.597925e+01
2742	6.529731e+01
2748	-9.276359e+01
2749	9.530800e+00
2750	9.478450e-01
2751	-4.837900e+01
2754	8.792664e+00
2756	4.375336e+00
2757	-2.221054e+01
2758	-8.321515e+01
2759	-4.450781e+01
2760	-9.717114e+01
2765	-2.895071e+01
2773	7.832764e+00
2774	6.189612e+01
2776	-5.097975e+01
2777	4.135551e+01
2778	4.940001e+01
2779	-9.157864e+01
2780	6.972347e+01
2783	-1.765825e+01
2787	4.012056e+01
2788	-6.554326e+01
2790	-8.450804e+01
2793	6.102049e+01
2794	-4.064154e+01
2795	-8.239165e+01
2799	-6.864105e+00
2801	-2.058405e+01
2804	-5.366011e+01
2805	-4.928635e+01
2808	-6.796401e+01
2809	-8.199955e+01
2811	-1.799745e+01
2812	-5.520105e+01
2813	-6.486975e+01
2814	8.364191e+01
2816	3.850514e+01
2819	-5.361850e+01
2821	-5.199290e+01
2822	9.639305e+00
2824	-1.556225e+01
2825	-4.631490e+01
2826	-5.027580e+01
2827	-3.160230e+01
2828	3.201990e+01
2829	2.251929e+01
2831	-7.550840e+01
2832	-8.050980e+01
2837	-4.644770e+01
2838	-8.855760e+01
2839	-6.823935e+01
2844	-6.250895e+01
2846	-5.043515e+01
2847	-4.983800e+00
2849	-4.338599e+01
2851	-5.133444e+01
2852	-1.014491e+02
2858	-7.061737e+00
2861	-8.395505e+01
2862	-3.160553e+00
2869	-6.975729e+01
2871	3.948166e+01
2873	-6.062115e+01
2875	-1.083875e+01
2876	-8.445206e+00
2878	-9.070366e+01
2880	-5.798825e+01
2881	-5.994040e+01
2884	7.020000e-04
2885	-2.339525e+01
2887	-9.152410e+01
2888	-8.337785e+01
2891	4.954500e-02
2892	2.105835e+01
2898	-6.904200e+01
2899	8.093857e+01
2900	-5.355820e+01
2901	-5.347794e+00
2902	4.475944e+01
2903	4.059880e+01
2904	-1.223946e+01
2905	1.122195e+01
2906	-3.916830e+01
2907	-1.470030e-01
2910	-6.406035e+01
2911	4.896864e+01
2912	-1.179840e+01
2913	-6.297951e+00
2914	-2.555895e+01
2915	-8.738645e+01
2916	-7.388345e+01
2917	2.511195e+01
2918	-4.916735e+01
2919	5.441656e+01
2920	-9.836404e+01
2922	-3.959710e+01
2923	-3.130350e+01
2925	-6.182270e+01
2929	-6.054640e+01
2930	-6.343201e+00
2931	-3.505199e+00
2933	-1.845710e+01
2935	2.353320e+01
2937	-6.459940e+01
2941	-2.711565e+01
2942	-4.165220e+01
2944	-6.356205e+01
2945	-5.435430e+01
2948	-2.259491e+01
2949	1.872073e+01
2951	4.956100e-02
2952	-8.592265e+01
2953	-1.469147e+00
2954	-8.511404e+01
2955	-6.582953e+01
2956	-6.181590e+01
2958	1.987555e+01
2960	-1.027191e+00
2961	-3.721414e+01
2964	-8.852695e+01
2966	-7.556610e+01
2968	-9.636435e+01
2972	-3.410130e+01
2974	-4.845636e+01
2976	8.204407e+00
2978	-4.194720e+01
2980	-2.177750e+01
2981	-9.629675e+01
2982	-6.424919e+01
2983	8.335823e+01
2984	-7.561110e+01
2993	-6.806595e+00
2995	-6.546671e+01
2996	1.384045e+01
2997	-5.179805e+01
2998	-5.965350e+01
2999	-9.302045e+01
3000	3.719435e+01
3001	3.597270e+01
3002	4.458830e+01
3003	-3.782230e+01
3004	-3.889465e+01
3005	4.973961e+01
3010	4.150415e+01
3011	-5.780325e+01
3012	-8.706094e+01
3014	-2.381164e+01
3015	-9.303246e+00
3017	-4.895645e+01
3018	-8.576379e+01
3019	-3.499603e+00
3020	7.665131e+01
3021	4.994049e+00
3022	-6.704745e+01
3025	-5.087345e+01
3027	-1.685750e+01
3028	-9.778375e+01
3029	-4.015499e+00
3030	-6.009550e+01
3031	-8.832225e+01
3032	-5.204990e+01
3034	-2.736970e+01
3037	-2.331665e+01
3038	-4.809565e+01
3040	-3.911165e+01
3041	-5.858140e+01
3042	-6.701590e+01
3045	-1.099535e+01
3046	1.588135e+00
3047	-5.588873e+01
3048	-9.732370e+01
3049	-1.257825e+01
3052	5.333402e+01
3053	-5.083817e+01
3054	-5.170845e+01
3055	3.537985e+01
3056	-8.606570e+01
3057	-3.487115e+01
3059	2.592996e+01
3061	-1.998236e+01
3062	-4.560800e+01
3063	-1.264191e+01
3064	-4.537070e+01
3065	-5.328586e+01
3066	-9.863175e+01
3068	-7.348419e+01
3071	-4.417224e+01
3072	9.661560e-01
3073	-5.214055e+01
3074	1.258679e+01
3077	-4.030910e+01
3079	1.257025e+01
3082	-8.828200e+01
3085	-4.114984e+01
3091	-8.079625e+01
3095	3.220149e+01
3097	1.812805e+00
3098	-9.052525e+01
3102	-3.220395e+01
3103	-9.356090e+01
3104	-7.596415e+01
3105	-1.110010e+01
3107	3.990620e+01
3108	-1.311426e+01
3109	-3.198045e+01
3111	7.346324e+01
3112	6.111786e+01
3113	4.251550e+01
3114	2.482065e+01
3115	2.662926e+01
3116	-2.874834e+01
3118	5.159670e+01
3119	-8.950685e+01
3120	-6.067035e+01
3122	-9.007240e+01
3123	1.333700e+01
3124	-6.684145e+01
3126	-4.381110e+01
3127	7.733759e+01
3128	1.276350e+01
3129	-9.434720e+01
3130	-4.263180e+01
3131	7.229570e+01
3134	-4.466140e+01
3135	-2.209915e+01
3140	-6.321145e+01
3149	-2.266885e+01
3151	-4.100055e+01
3152	-2.320456e+01
3153	-7.240491e+01
3154	-9.127686e+01
3158	1.229285e+01
3160	-5.120370e+01
3163	-1.567291e+01
3164	-4.995654e+01
3165	-4.037210e+01
3167	-3.768265e+01
3168	-7.233356e+01
3169	-6.081564e+01
3171	2.021800e+01
3173	-5.406946e+01
3174	-6.496379e+01
3175	-3.943285e+01
3176	-8.638100e+01
3177	-4.899989e+01
3179	3.695981e+01
3180	-2.427126e+01
3181	-4.715601e+01
3182	1.194569e+01
3183	-5.236055e+01
3186	1.143245e+01
3187	1.489529e+01
3188	-6.500745e+01
3189	5.397598e+00
3190	4.088225e+01
3192	-8.497165e+01
3193	1.668561e+01
3194	-8.373895e+01
3195	-1.535620e+01
3196	3.372150e+01
3197	2.243280e+01
3199	-1.036436e+02
3200	-3.792550e+01
3201	-1.215015e+01
3203	-2.567565e+01
3205	-3.776225e+01
3206	2.780700e+01
3207	4.058170e+01
3209	6.385370e+01
3212	-1.014030e+01
3213	7.885691e+01
3214	-5.125080e+01
3217	-7.884825e+01
3220	-7.331200e+01
3226	-6.312410e+01
3229	-6.804940e+01
3230	6.649334e+01
3232	1.708775e+01
3236	1.458560e+01
3239	7.701116e+01
3240	-8.079950e+01
3241	-3.719070e+01
3243	6.760175e+01
3244	-3.172635e+01
3246	-5.945529e+01
3247	-8.921220e+01
3248	-8.890735e+01
3250	-2.558511e+01
3251	-7.464595e+01
3252	-3.815950e+01
3253	-3.809610e+01
3254	4.423715e+01
3256	-3.565289e+01
3257	-4.196365e+01
3258	-9.071745e+01
3259	-5.577985e+01
3260	-6.528474e+01
3263	-8.681184e+01
3265	-3.193405e+01
3266	-7.407806e+00
3267	-3.430125e+01
3268	-2.349710e+01
3271	-2.737370e+01
3272	3.197495e+00
3273	-9.019940e+01
3275	3.693855e+01
3277	1.961925e+01
3282	-3.741160e+01
3284	-5.095310e+01
3286	-8.298225e+01
3287	1.989674e+01
3288	-8.950861e+01
3291	-9.262020e+01
3292	5.073753e+00
3293	-3.361885e+01
3295	-9.669125e+01
3297	-3.288210e+01
3298	3.366289e+01
3302	-2.544005e+01
3304	-1.974520e+01
3306	-4.485985e+01
3309	-6.568580e+01
3311	-8.961090e+01
3312	6.214910e+01
3313	-5.215500e+01
3314	5.406850e+00
3315	4.022540e+01
3316	-3.998471e+01
3320	-8.851169e+01
3321	-8.992380e+01
3323	-2.643875e+01
3324	7.377768e+01
3326	-1.631790e+01
3328	3.196484e+01
3330	-7.893320e+01
3331	-3.984079e+01
3332	1.977435e+01
3333	-7.221745e+01
3334	-7.935280e+01
3335	-4.617610e+01
3336	-5.037195e+01
3337	-7.789887e+00
3338	1.957370e+01
3339	-2.703931e+01
3341	-9.406656e+01
3343	-3.045454e+01
3344	-5.080650e+01
3346	-5.752650e+01
3347	-7.379015e+01
3348	-5.429814e+01
3350	-5.656404e+01
3353	-8.183756e+01
3354	2.615201e+01
3355	-4.242660e+01
3356	-4.939325e+01
3358	-5.414329e+01
3362	1.042709e+01
3363	-1.509485e+01
3364	-8.615790e+01
3366	-5.150380e+01
3367	-9.920500e-01
3368	-5.094860e+01
3370	-2.091960e+01
3371	1.925226e+01
3376	-8.142516e+01
3379	1.509595e+01
3385	-7.886044e+01
3386	-1.545185e+01
3390	-3.722650e+01
3391	-4.246060e+01
3394	-6.022725e+01
3395	-6.982730e+01
3396	-9.058475e+01
3397	3.010860e+01
3400	-9.054915e+01
3401	-5.332085e+01
3405	-1.828875e+01
3407	-4.617895e+01
3408	-4.190085e+01
3411	5.164344e+01
3412	4.269360e+01
3414	6.599700e+00
3415	-9.474530e+01
3416	5.278165e+01
3417	6.775369e+01
3419	-2.889096e+01
3420	-9.116489e+01
3422	-4.100046e+01
3423	-1.787524e+01
3427	-2.751056e+01
3432	-7.027075e+01
3436	-3.405975e+01
3437	-8.898096e+01
3439	-6.422285e+01
3441	-8.006714e+00
3443	-3.884605e+01
3444	-4.939525e+01
3446	-2.879445e+01
3447	-7.834351e+01
3448	-7.616466e+01
3449	-5.534869e+01
3451	-1.208670e+01
3452	-6.309505e+01
3453	-2.152390e+01
3454	1.430206e+00
3455	-2.494720e+01
3456	2.916116e+01
3457	-9.358360e+01
3459	5.421735e+01
3460	-1.671600e+01
3461	-7.208343e+00
3464	-1.561865e+01
3465	-8.762450e+01
3466	1.863095e+01
3473	-9.838230e+01
3474	-5.544785e+01
3475	1.186494e+01
3480	-3.547710e+01
3481	-6.828435e+01
3482	4.988907e+00
3483	-9.600850e+01
3490	5.624504e+00
3492	3.395556e+01
3494	-3.319645e+01
3497	-8.491115e+01
3503	-5.044175e+01
3505	-2.029935e+01
3508	3.958020e+01
3510	-2.056005e+01
3511	-5.337952e+00
3512	3.194990e+01
3513	-8.769220e+01
3514	-2.168675e+01
3515	-6.320935e+01
3516	-5.081540e+01
3519	-3.992740e+01
3520	-1.020358e+02
3522	-3.503350e+01
3528	4.883225e+01
3529	-5.256286e+00
3530	5.001007e+00
3532	-8.099646e+01
3535	-8.905345e+01
3536	3.523816e+01
3537	-5.237790e+01
3538	-7.237981e+01
3540	-6.224795e+01
3541	-8.723210e+01
3542	-1.026286e+02
3549	-2.901504e+00
3550	-3.520770e+01
3551	4.796666e+01
3553	-5.901930e+01
3554	4.221295e+01
3556	-4.548065e+01
3557	-3.540504e+01
3558	-6.440100e+01
3560	-8.562390e+01
3561	-6.432794e+01
3562	1.789024e+01
3563	-1.162486e+02
3569	-2.792175e+01
3572	1.167705e+01
3574	-3.764070e+01
3575	-6.765285e+01
3576	-3.753700e+01
3577	5.883479e+01
3578	-5.225485e+01
3580	-4.498530e+01
3584	1.690601e+01
3586	-8.862650e+01
3587	4.841154e+01
3589	-3.027445e+01
3590	-6.044540e+01
3591	-5.755230e+01
3595	-5.625160e+01
3597	-2.497805e+01
3600	-3.445470e+01
3601	-9.988270e+01
3602	8.495660e+01
3604	-6.728744e+01
3608	-5.787760e+01
3610	-7.856634e+01
3611	-5.713055e+01
3612	-3.479930e+01
3613	-3.661940e+01
3619	-1.929565e+01
3620	-9.642870e+01
3624	-1.073399e+00
3626	5.400200e+00
3628	-4.061015e+01
3629	-7.014010e-01
3630	8.567365e+01
3631	-1.007265e+02
3632	2.608645e+01
3635	-4.562160e+01
3638	-2.839445e+01
3647	-1.070787e+02
3648	-5.397244e+01
3654	3.365866e+01
3657	-2.463510e+01
3658	-2.937171e+01
3664	-5.707880e+01
3666	3.279959e+01
3668	-8.839731e+01
3670	-4.105066e+01
3671	6.080505e+00
3672	-7.780844e+01
3677	-7.531425e+01
3680	3.423715e+01
3681	-3.539839e+01
3682	-1.550650e+01
3683	-2.812906e+01
3685	-3.075514e+01
3686	-1.090688e+02
3687	-2.768256e+01
3688	-9.537935e+01
3694	-9.494796e+00
3695	5.991684e+01
3697	4.444900e+00
3700	3.661499e+00
3701	1.432236e+01
3703	-7.166790e+01
3704	4.440094e+00
3705	-5.871945e+01
3706	-7.349905e+01
3710	8.600920e+01
3711	-8.445654e+01
3716	8.737060e+01
3719	-8.557320e+01
3721	-9.653725e+01
3723	-5.533800e+01
3724	-6.065003e+00
3726	-6.990265e+01
3727	-4.235635e+01
3728	5.467680e+01
3729	-9.170250e+00
3730	-9.779880e+01
3733	1.295075e+01
3734	-1.686605e+01
3735	-2.446095e+01
3736	9.795051e+00
3739	-2.377580e+01
3740	-9.283370e+01
3741	1.442325e+01
3742	9.735000e-01
3743	-2.651830e+01
3744	2.189615e+01
3746	-2.642035e+01
3748	2.683279e+01
3749	-6.031992e+01
3750	2.299136e+01
3753	-6.248160e+01
3754	-3.911945e+01
3756	-8.050391e+01
3759	8.045004e+01
3763	-6.657220e+01
3764	-4.641104e+01
3765	-1.695860e-01
3766	-8.382225e+01
3772	6.617059e+01
3773	-1.321896e+01
3775	-2.989569e+01
3779	-9.079379e+01
3783	-2.680965e+01
3784	-1.195156e+02
3785	-4.242876e+01
3788	-1.845550e-01
3789	-3.270940e+01
3790	2.535210e+01
3793	-9.018055e+01
3795	7.853285e+01
3797	-8.827545e+00
3804	-9.209786e+01
3805	-9.071747e+00
3806	-3.854875e+01
3807	-3.266730e+01
3812	-5.894300e+01
3813	-8.201165e+01
3814	-3.943580e+01
3817	-8.345840e+01
3819	-4.883495e+01
3821	-6.233200e+01
3823	6.785930e+01
3824	-9.495309e+01
3826	-6.468350e+01
3827	4.229810e+01
3835	-2.947295e+01
3836	-9.007400e+01
3837	8.224976e+01
3838	5.724245e+01
3839	-1.039765e+01
3840	6.499690e+01
3841	-4.841280e+01
3842	-3.409550e+01
3843	-8.763789e+01
3845	-8.872651e+00
3847	-5.287174e+01
3848	-9.808710e+01
3849	-6.042920e+01
3851	3.290601e+01
3853	-3.992667e+01
3855	-9.661285e+00
3856	-9.876234e+01
3858	-4.642764e+01
3860	5.009460e-01
3862	5.746613e+00
3865	3.639405e+00
3866	-2.694840e+01
3870	-6.182959e+01
3874	-8.817845e+01
3875	-7.466031e+01
3877	1.522031e+01
3878	-4.346991e+01
3879	-9.238381e+01
3880	-4.111455e+01
3882	1.332115e+01
3886	-2.173599e+00
3894	-8.541660e+01
3895	3.070370e+01
3896	-6.131870e+01
3897	-4.966710e+01
3898	3.140105e+01
3899	-3.867995e+01
3900	-5.125516e+01
3901	-7.641655e+01
3907	-8.819495e+01
3912	-9.349810e+01
3914	-3.799606e+00
3915	-6.580140e+01
3918	-3.547805e+01
3919	-5.185852e+00
3920	1.064920e+01
3921	-7.385385e+01
3923	-4.063065e+01
3926	-8.572510e+01
3927	6.896698e+00
3928	4.340485e+01
3929	1.112495e+01
3930	-3.961820e+01
3932	-2.303915e+01
3933	5.954070e+01
3937	-2.137460e+01
3941	-1.013280e+02
3942	-9.442910e+01
3946	-5.109130e+01
3953	-1.317110e+01
3956	-2.426240e+01
3957	-5.259880e+01
3959	3.571145e+01
3961	-1.085895e+01
3964	3.255670e+01
3965	-6.489025e+01
3967	-7.175548e+00
3970	2.404385e+01
3971	3.038535e+01
3973	-4.370785e+01
3974	-6.469285e+01
3978	-7.123840e+01
3980	-5.084400e+00
3981	7.299305e+01
3982	-5.746420e+01
3984	-6.596295e+01
3985	-1.010400e+02
3986	-4.842840e+01
3987	-4.044943e+01
3990	-6.051791e+01
3991	-4.281836e+01
3994	-3.104520e+01
3996	-8.388695e+01
3999	-7.149326e+01
4000	-1.114290e+02
4002	4.553330e+01
4011	-6.474899e+01
4014	8.774109e+00
4017	1.878430e+01
4020	5.707105e+01
4022	-1.600970e+01
4023	1.122229e+01
4025	-8.579570e+01
4032	-4.818344e+01
4033	-4.799635e+01
4034	-6.847960e+01
4036	-4.437460e+01
4038	-6.366719e+01
4040	-7.822330e+01
4041	-5.319865e+01
4042	-9.628215e+01
4043	-4.520520e+01
4047	-5.147450e+01
4050	-2.724710e+01
4051	-3.535611e+01
4052	-5.318210e+01
4053	-3.629195e+01
4057	-5.701740e+01
4058	-4.100590e+01
4060	-1.023350e+01
4061	-5.722355e+01
4064	-6.002686e+01
4065	-7.333602e+00
4066	-6.596220e+01
4067	-5.411860e+01
4068	-2.335540e+01
4069	-4.079440e+01
4070	-4.661685e+01
4071	-6.191690e+01
4073	-9.066210e+01
4074	-3.606925e+01
4075	-8.485745e+01
4076	-6.404820e+01
4077	3.751175e+01
4080	-1.920645e+01
4082	-6.442150e+01
4083	-2.846410e+01
4084	-4.416090e+01
4086	-5.239405e+01
4087	1.768315e+01
4088	-6.559254e+01
4090	3.095905e+01
4092	-6.318665e+01
4093	-9.183915e+01
4094	-3.531515e+01
4095	-5.208025e+01
4097	-1.009067e+02
4101	-4.956146e+01
4102	-3.664276e+01
4105	4.269409e+01
4108	-4.468304e+01
4109	-2.855725e+01
4111	-9.108280e+01
4114	-5.959450e+01
4116	-5.079175e+01
4117	6.398950e+01
4118	4.354526e+01
4123	-8.872571e+01
4124	-3.142470e+01
4127	1.544312e+01
4128	-3.927220e+01
4129	-4.148386e+01
4131	-5.020474e+01
4132	-3.772490e+01
4133	-6.345944e+01
4134	-5.030334e+01
4135	-4.251941e+01
4136	-2.290366e+01
4138	-8.283090e+01
4143	-3.787959e+01
4147	-8.784544e+01
4148	-3.698010e+01
4149	5.191035e+01
4150	6.331795e+01
4151	-1.740620e+01
4152	-5.674880e+01
4153	-2.326685e+01
4154	3.571291e+01
4155	-2.850490e+01
4156	-1.013107e+02
4159	7.522075e+01
4160	-4.247885e+01
4161	-9.870697e+00
4163	-2.473415e+01
4164	-2.584310e+01
4166	-9.022025e+01
4167	3.212910e+01
4169	-4.325565e+01
4173	-4.994110e+01
4174	7.292680e+01
4177	-1.457075e+01
4178	4.799705e+01
4179	-4.958300e+01
4180	-4.606525e+01
4181	1.162260e+01
4182	6.913635e+01
4183	-2.043870e+01
4184	6.399980e+01
4185	-4.338780e+01
4186	-8.643135e+01
4187	-3.715275e+01
4188	3.771480e+01
4189	-4.104955e+01
4190	-8.987280e+01
4192	-7.355749e+00
4194	-1.184354e+01
4195	-2.660404e+01
4196	-2.801480e+01
4197	-9.999815e+01
4201	-4.354926e+01
4205	-6.974550e+01
4214	1.043069e+01
4216	6.204651e+01
4218	-7.292481e+01
4221	-1.254620e+01
4222	-1.737755e+01
4223	-3.793285e+01
4224	-4.739140e+01
4225	-1.137568e+02
4227	-2.982871e+01
4228	-9.352859e+01
4229	-5.091475e+01
4230	9.290894e+00
4231	-3.093201e+01
4232	3.175389e+01
4239	-1.147260e+01
4241	-1.663580e+01
4242	-3.951500e+01
4243	3.113345e+01
4244	-1.831219e+01
4245	2.947754e+00
4246	-6.748850e+01
4247	-4.323210e+01
4248	-2.397125e+01
4249	1.429289e+01
4251	3.916240e+01
4252	-8.786435e+01
4254	-2.238306e+01
4255	-6.013020e+01
4256	-8.932754e+01
4261	-2.689490e+01
4265	5.270010e+01
4266	1.672620e+01
4268	-4.000715e+01
4269	-4.490715e+01
4271	5.902781e+01
4272	-9.342075e+01
4274	-2.308270e+01
4284	-3.878965e+01
4285	-2.591375e+01
4286	3.509805e+01
4287	6.237525e+01
4288	-8.375290e+01
4290	-1.599045e+01
4291	-2.476095e+01
4292	-1.184360e+01
4293	-4.051945e+01
4294	-1.032407e+02
4295	-6.742180e+01
4296	-9.741379e+01
4302	-3.968259e+01
4304	3.612405e+01
4312	-3.643649e+01
4315	-8.838475e+01
4317	3.556705e+01
4318	1.015631e+01
4321	-9.250285e+01
4328	-9.219655e+01
4330	-2.148746e+01
4334	-1.804471e+01
4335	-7.372740e+01
4336	1.048679e+01
4337	-6.861294e+01
4338	-5.878281e+01
4339	3.394586e+01
4343	-4.119389e+01
4344	-9.274960e+01
4345	6.839566e+01
4346	5.014906e+01
4350	2.458685e+01
4351	-8.843765e+01
4353	3.831471e+01
4358	-4.104465e+01
4359	-5.701935e+01
4360	-4.942270e+01
4361	-5.873070e+01
4362	5.591095e+00
4363	-5.201905e+01
4364	7.201990e-01
4365	-2.529335e+01
4367	-5.718420e+01
4370	2.354089e+01
4372	-6.273385e+01
4373	-5.185470e-01
4374	1.214005e+01
4375	-2.347800e+01
4376	-3.432953e+00
4377	-6.010880e+01
4378	4.547765e+01
4379	-9.448795e+01
4380	-4.927120e+01
4381	-6.677685e+01
4383	-7.528765e+01
4384	6.574140e+01
4385	1.759820e+01
4386	4.087515e+01
4387	8.425199e+00
4388	-5.570905e+01
4390	-8.646240e+01
4392	-5.288529e+01
4396	-1.126539e+02
4397	-5.315851e+01
4398	-9.071625e+01
4399	-7.464246e+01
4410	6.629739e+01
4413	-5.122525e+01
4414	-3.701584e+01
4418	-3.373515e+01
4421	-2.538805e+01
4422	-8.931424e+01
4423	-5.607535e+01
4424	-9.710240e+01
4425	7.052301e+01
4428	1.952520e-01
4431	-4.207735e+01
4432	-3.461191e+01
4435	-4.852440e+01
4436	-2.495110e+01
4438	-5.998634e+01
4440	-7.148095e+01
4443	-2.805075e+01
4444	-9.899246e+00
4447	-4.349975e+01
4448	-9.374330e+01
4449	5.267000e+01
4450	5.848489e+01
4451	-6.528445e+01
4453	-5.195701e+00
4454	-8.533380e+01
4455	-7.585405e+01
4456	1.232075e+01
4459	-6.517030e-01
4460	-2.834990e+01
4461	-2.187085e+01
4463	3.559960e+01
4465	5.577149e+00
4466	-1.024000e+02
4467	5.915665e+01
4469	-8.869685e+01
4470	-4.493390e+01
4471	6.505785e+01
4475	5.988040e+01
4477	-8.699265e+01
4478	-8.923529e+01
4480	3.226306e+01
4494	-6.009265e+01
4497	-2.164740e+01
4498	-3.661575e+01
4501	1.630170e+01
4502	-8.407346e+01
4503	-4.138570e+01
4505	-5.088115e+01
4507	-5.787537e+00
4508	-5.908611e+01
4510	-7.672575e+01
4511	-4.018280e+01
4512	-6.235330e+01
4515	-5.489240e+01
4516	2.686871e+01
4517	-5.671815e+01
4518	4.479166e+01
4519	-6.012715e+01
4520	-8.735400e+01
4521	-3.468720e+01
4522	-1.731061e+01
4523	-6.907935e+01
4524	2.415800e+01
4525	1.091499e+01
4527	-7.021069e+01
4528	-3.718770e+01
4529	-3.123509e+01
4530	-9.589905e+01
4532	-7.684175e+01
4533	1.236121e+01
4536	-9.300065e+01
4537	8.320546e+01
4538	-4.156999e+01
4539	-8.847215e+01
4540	-1.322424e+01
4541	4.012450e+01
4543	-8.797970e+01
4546	-6.529430e+01
4548	-6.421990e+01
4549	-5.907585e+01
4551	-6.558465e+01
4552	-8.711505e+01
4556	-9.827735e+01
4557	-5.471825e+01
4559	6.415640e+01
4562	-2.244615e+01
4565	-1.974855e+01
4566	-7.680760e+01
4568	-7.548365e+01
4570	-5.103800e+00
4572	2.717620e+01
4574	-8.917620e+01
4576	-6.082585e+01
4578	-5.988324e+01
4579	1.466400e+01
4580	-9.759460e+01
4583	1.812561e+00
4584	-4.928665e+01
4588	-5.055441e+01
4589	-3.771280e+01
4591	-6.030960e+01
4596	2.036670e+01
4597	-3.542175e+01
4598	-2.409219e+01
4600	-1.956281e+01
4601	-1.779605e+01
4602	-4.187653e+00
4603	-8.210060e+01
4606	-6.918793e+00
4609	-5.812241e+01
4610	-9.414705e+01
4613	-7.068010e+01
4614	-2.364502e+00
4616	-9.227725e+01
4617	-2.095930e+01
4618	-2.297720e+01
4619	-3.600716e+01
4623	-5.801245e+01
4629	1.941580e+01
4631	-6.704375e+01
4634	-8.283905e+00
4635	-3.887485e+01
4638	-1.935302e+00
4639	-8.259265e+01
4640	-8.018525e+01
4642	7.438156e+00
4644	2.020610e+01
4645	3.596539e+01
4655	-9.128775e+01
4657	3.661369e+01
4659	-3.985510e+01
4660	-4.678675e+01
4661	-6.704670e+01
4662	-4.741575e+01
4667	-9.132550e+01
4669	-7.514400e+01
4670	7.693645e+01
4671	-3.058385e+01
4673	-6.748180e+01
4675	5.544185e+01
4677	-3.040555e+01
4678	-1.036388e+02
4679	-5.385630e+01
4683	2.277951e+00
4685	-4.086400e+00
4686	7.490350e+01
4687	-8.126449e+01
4690	-6.943050e+01
4691	1.286255e+01
4696	-5.325830e+01
4698	-9.873511e+01
4699	-4.154129e+01
4700	3.754059e+00
4702	-6.343585e+01
4703	6.597107e+00
4704	-7.667856e+01
4705	1.026984e+01
4711	-4.042539e+01
4714	-2.961764e+01
4715	-3.607779e+01
4718	-9.098471e+01
4719	4.821341e+01
4721	8.341605e+01
4723	-9.939880e-01
4724	-7.032291e+01
4725	-2.898355e+01
4726	-9.496745e+01
4731	-2.276144e+01
4732	8.094659e+01
4733	-8.854410e+01
4734	-8.618745e+01
4737	4.730856e+01
4744	7.229086e+01
4745	-3.349175e+01
4747	-5.197145e+01
4748	6.371704e+00
4750	-5.921035e+01
4751	-9.414930e+01
4754	3.911360e+01
4756	-1.632844e+01
4757	-4.090660e+01
4758	2.510895e+00
4759	-4.229400e+01
4760	-8.713130e+01
4761	-3.667705e+01
4762	4.033595e+01
4763	6.764806e+01
4764	-4.275375e+01
4765	-3.813760e+01
4767	-7.427300e+01
4770	-3.896650e+01
4771	-2.540475e+01
4774	5.432880e+01
4775	-5.521620e+01
4776	-4.799145e+01
4777	-5.689935e+01
4778	-1.690945e+01
4779	3.723010e+01
4780	-6.860765e+01
4781	-9.757205e+01
4782	-3.292702e+00
4783	-7.980675e+01
4784	-6.156830e+01
4786	-2.068515e+01
4789	-1.284050e+01
4790	7.913309e+01
4792	-8.695550e+01
4794	2.306100e+01
4796	7.436551e+01
4799	-7.143700e+01
4800	-9.813055e+01
4801	-5.833320e+01
4802	6.332475e+01
4810	-8.973880e+01
4813	-7.808100e+00
4814	-6.692065e+01
4815	7.202110e+01
4816	-5.379544e+01
4817	-9.482930e+01
4820	2.094940e+01
4828	-2.038599e+01
4829	-4.082330e+01
4832	-4.378451e+01
4838	3.331256e+01
4839	-8.781259e+01
4840	-2.008420e+01
4841	4.366550e+01
4842	-5.188545e+01
4848	-5.433686e+00
4849	-2.326975e+01
4850	3.018909e+01
4851	-9.234724e+01
4852	-8.169650e+01
4855	-5.191525e+01
4856	-5.843475e+01
4857	2.939445e+01
4859	-5.066330e+01
4860	-1.191400e+01
4861	1.212860e+01
4862	-9.453490e+01
4863	-2.295895e+01
4864	-9.471985e+01
4868	-3.093585e+01
4869	-4.766284e+01
4870	-4.174785e+01
4871	-1.037711e+01
4872	-9.181725e+01
4873	1.258220e+01
4874	-7.994120e+01
4875	-6.341354e+01
4878	2.227029e+01
4879	6.329950e-01
4880	-5.104710e+01
4882	-8.763795e+01
4883	4.166585e+01
4884	-5.966460e+01
4888	-9.835665e+01
4889	-6.797205e+01
4892	-8.455255e+01
4893	5.059615e+01
4895	-5.807770e+01
4896	2.055649e+00
4898	-4.552795e+01
4899	3.804255e+01
4900	-9.108225e+01
4901	-4.699595e+01
4905	-1.359745e+01
4906	-3.683701e+00
4908	-9.238350e+01
4913	2.148200e+01
4914	-3.148415e+01
4915	-3.942020e+01
4919	-5.136844e+01
4920	-9.899440e+01
4921	-3.865591e+01
4932	-9.157660e+01
4935	-2.289145e+01
4938	-7.898206e+01
4941	-9.167380e+01
4942	-5.279810e+01
4943	-9.035455e+01
4954	-6.882770e+01
4955	-7.696625e+01
4962	-6.748480e+01
4963	-7.140475e+01
4964	-5.488510e+01
4965	3.296166e+01
4968	3.680016e+01
4969	-9.012040e+01
4972	8.669600e+01
4973	-8.894385e+01
4977	-5.966955e+01
4978	-1.004800e+02
4981	-4.993090e+01
4984	6.313797e+00
4985	9.404007e+00
4986	-5.752640e+01
4988	-6.384895e+01
4991	-6.382775e+01
4994	-6.070580e+01
4995	5.525604e+00
4997	-4.474720e+01
4998	-4.377660e+01
5001	2.221605e+01
5002	-8.911675e+01
5003	-2.499725e+01
5004	-9.098975e+01
5005	-3.247035e+01
5006	-4.193153e+00
5011	-8.860225e+01
5012	-6.377115e+01
5013	-1.156060e+01
5015	1.150900e+01
5019	-5.797000e+01
5020	-1.883135e+01
5022	-8.777980e+01
5026	-5.049170e+01
5028	-8.023090e+01
5031	-5.900000e+01
5032	4.783539e+01
5036	-9.080820e+01
5039	-8.750580e+01
5049	-2.401682e+01
5051	-3.000101e+01
5053	-4.862259e+01
5054	-9.335190e+01
5057	3.045181e+01
5063	-5.354190e+01
5067	-4.928630e+01
5069	-5.645085e+01
5071	3.348721e+01
5072	-3.998155e+01
5073	-7.213255e+01
5075	-7.754451e+01
5076	1.064925e+01
5079	-2.460295e+01
5080	2.019420e+01
5081	6.290739e+01
5082	3.758974e+01
5083	-6.095345e+01
5084	4.399806e+01
5085	-4.062620e+01
5086	-1.273850e+00
5089	-5.203330e+01
5090	-5.314094e+01
5091	-2.832690e+01
5092	-4.601480e+01
5093	-6.404590e+01
5094	5.806751e+01
5096	-1.002139e+01
5098	-1.277444e+01
5099	-8.632380e+01
5101	2.951280e+01
5103	-8.849805e+01
5104	2.206345e+00
5105	1.932790e+01
5106	-6.380490e+01
5107	-9.697775e+01
5108	-4.863150e+01
5111	-3.422365e+01
5112	-2.106720e+01
5113	-8.624740e+01
5114	-8.591380e+01
5115	-4.122300e+01
5116	4.102145e+01
5118	-1.929685e+01
5120	-5.022750e+00
5124	-4.870540e+01
5125	-5.058875e+01
5126	1.107410e+01
5127	-9.688795e+01
5130	-6.209655e+01
5131	-5.897105e+01
5132	-5.956815e+01
5134	-4.161700e+01
5135	-6.124405e+01
5138	4.676000e+00
5139	-1.824450e+00
5140	-6.835040e+01
5141	-6.506685e+01
5144	-7.255899e+01
5149	-1.249744e+01
5150	-5.749320e+01
5151	-8.799495e+01
5152	-6.858774e+01
5153	2.221591e+01
5154	-3.904361e+01
5155	-2.174325e+01
5157	-4.782596e+01
5159	-1.949060e+01
5160	-3.106781e+01
5161	-4.719220e+01
5163	-7.426640e+01
5172	-5.268414e+01
5173	4.001239e+01
5178	-2.561374e+01
5181	-2.154041e+01
5182	4.989136e+00
5183	-8.863130e+01
5185	-2.034421e+01
5186	-9.600709e+01
5189	-4.405565e+01
5191	-2.353039e+01
5196	-4.941275e+01
5197	2.529416e+01
5198	-6.469615e+01
5200	-5.325360e+01
5201	-3.942993e+00
5204	-1.030220e+01
5206	-3.408844e+00
5208	-5.698270e+01
5211	1.273254e+00
5212	-7.613725e+01
5213	6.343293e+00
5214	-1.187050e+01
5215	2.415225e+01
5216	3.850005e+01
5217	3.381825e+01
5218	-5.295245e+01
5219	-2.130130e+01
5220	2.102752e+00
5221	2.983250e+01
5223	-1.488631e+01
5224	2.958031e+01
5225	-6.973275e+01
5229	-3.859090e+01
5230	-9.143960e+01
5232	-5.928855e+01
5233	-7.677645e+01
5236	-4.898640e+01
5237	-4.329765e+01
5238	-3.609040e+01
5239	-5.220210e+01
5242	-7.031395e+01
5246	-6.685605e+01
5249	-1.005834e+02
5254	-5.203185e+01
5257	5.156200e+00
5265	-7.051670e+01
5266	-4.842481e+01
5268	-3.763171e+01
5270	-4.117401e+00
5274	-5.938947e+01
5275	-9.113444e+01
5277	-4.160690e+01
5279	4.971066e+01
5280	-4.843930e+01
5281	-5.264856e+01
5282	3.456683e+01
5284	-7.324805e+01
5285	3.920850e+01
5286	2.870206e+01
5287	-4.620801e+01
5288	1.332181e+01
5290	-5.348845e+01
5293	-6.457515e+01
5295	1.310001e+01
5296	4.634610e+01
5297	3.982159e+01
5298	-9.994025e+01
5307	4.860352e+00
5308	-1.252139e+01
5309	2.781470e+01
5311	-2.632765e+01
5312	-3.659985e+01
5313	-3.565500e+01
5314	1.499796e+01
5315	-5.484656e+01
5316	-2.465990e+01
5318	-1.537080e+01
5319	-3.710449e+01
5320	-2.347121e+01
5321	6.356155e+00
5322	-5.588040e+01
5323	-6.346635e+01
5324	-4.331184e+01
5325	-3.578690e+01
5326	-8.224519e+01
5327	7.628131e+01
5328	-4.001074e+01
5330	-1.559405e+01
5331	-6.352045e+01
5334	-1.642101e+01
5335	1.722080e+01
5337	-5.444635e+01
5338	6.463500e+00
5339	2.613800e+01
5340	-3.576706e+00
5341	-5.519341e+01
5342	-9.263100e+01
5344	4.870000e-01
5345	1.031250e+01
5347	-7.365715e+01
5348	-5.376265e+01
5350	-5.346626e+01
5351	-3.481250e+01
5352	7.443040e+01
5353	1.833504e+00
5354	-8.404895e+01
5355	-6.010885e+01
5356	-4.734960e+01
5360	4.352430e+01
5361	-6.915947e+00
5363	-4.584130e+01
5366	-9.384535e+01
5373	-3.743550e+01
5374	-9.015450e+01
5375	-6.283900e+01
5376	3.883300e+01
5379	-2.521665e+01
5382	-6.947998e+00
5383	-2.437330e+01
5385	-9.884465e+01
5387	-6.517341e+01
5393	-4.854015e+01
5394	-7.080945e+01
5401	5.292926e+01
5402	-2.201666e+01
5403	-1.904645e+01
5405	-2.642224e+01
5406	-8.684112e+00
5408	-7.576600e-01
5409	-6.056540e+01
5410	-3.097650e+01
5411	-3.826691e+01
5412	-4.918305e+01
5413	-6.358099e+01
5415	-9.068974e+01
5418	-1.832495e+01
5419	6.782919e+01
5422	-8.736385e+01
5423	-3.284570e+01
5425	-5.811079e+01
5427	-3.590715e+01
5431	7.377005e+01
5432	5.344940e+00
5433	-4.665575e+01
5434	5.812396e+01
5437	-6.533620e+01
5438	-7.993851e+00
5439	7.426314e+01
5441	1.901860e+01
5442	-3.467516e+01
5443	-1.534580e+01
5444	-2.573676e+01
5445	-6.043260e+01
5446	-6.494710e+01
5447	-1.070172e+02
5449	-9.131851e+00
5450	-3.368810e+01
5453	-2.945755e+00
5455	2.219802e+00
5456	-9.360610e+01
5457	-1.574420e+01
5460	-3.934120e+01
5461	-5.511080e+01
5462	-8.349700e+01
5465	4.176530e+01
5467	-9.319315e+01
5469	3.473549e+00
5472	2.048560e+01
5474	-3.996955e+01
5479	-1.018470e+01
5480	-2.309960e+01
5483	-5.547030e+01
5484	-6.159625e+01
5486	-1.200145e+01
5490	-7.345085e+01
5492	-8.796070e+01
5493	-3.317365e+01
5494	-4.136460e+01
5495	-6.282590e+01
5498	-2.785575e+01
5499	2.141251e+00
5500	5.812460e+01
5501	-4.126380e+01
5503	4.404915e+01
5508	-9.589294e+00
5509	5.418854e+00
5510	-4.947641e+01
5511	1.618744e+01
5514	1.185120e+01
5516	-2.349744e+01
5517	9.019348e+00
5518	-5.997516e+01
5519	-5.116940e+01
5520	-4.100589e+01
5521	-7.611661e+01
5524	1.167014e+01
5525	5.878366e+01
5526	-8.748434e+01
5527	-5.320630e+01
5529	1.709900e-01
5530	-3.597620e+01
5531	-1.674425e+01
5533	-1.848950e+01
5534	-7.579410e+01
5535	-3.051884e+01
5537	-6.150400e+01
5538	-5.162566e+01
5539	-7.433635e+01
5540	-1.072780e+01
5541	-9.695320e+01
5542	-5.600935e+01
5543	-9.031850e+01
5544	-8.984195e+01
5545	-8.207080e+01
5546	4.458701e+01
5549	-9.370470e+01
5550	-9.246215e+01
5554	6.705025e+01
5556	-1.833770e+01
5557	-7.505510e+01
5558	-7.564195e+01
5559	-9.231950e+01
5560	-5.315440e+01
5561	-3.999270e+01
5567	-5.747055e+01
5571	-8.663530e+01
5573	-4.041270e+01
5575	-3.328755e+01
5577	-5.825405e+01
5580	3.553215e+01
5582	-4.687230e+01
5583	-4.709305e+01
5586	-9.101855e+01
5589	-3.378185e+01
5593	3.004045e+01
5596	-4.471900e+01
5598	-5.692355e+01
5602	-3.822350e+00
5604	2.451750e+00
5605	7.283810e+01
5607	-5.717255e+00
5612	-6.851746e+00
5613	-4.139096e+01
5615	-6.440353e+01
5616	-2.321790e+01
5617	-3.314154e+01
5618	-1.009821e+02
5619	4.626470e-01
5621	-6.838919e+01
5623	3.991901e+01
5625	-4.714185e+01
5627	-6.774110e+01
5628	6.096756e+01
5632	-7.318420e-01
5633	-2.774110e+01
5635	-8.946480e+01
5637	-8.748759e+01
5638	-4.857985e+01
5644	-1.039475e+02
5648	-1.527585e+01
5649	-6.397100e+01
5652	4.197251e+00
5653	-8.742660e+01
5655	-5.629400e+01
5658	-8.385330e+01
5665	-2.338348e+00
5670	-5.782510e+01
5671	-3.139305e+01
5672	-3.341535e+01
5673	-8.942715e+01
5674	-5.348297e+00
5675	1.129670e+01
5676	-5.561725e+01
5677	-8.835565e+01
5678	-5.142530e+01
5682	-3.571295e+01
5683	-1.295710e+01
5685	1.557650e+01
5687	-1.267645e+01
5688	-4.752750e+00
5689	3.533150e+01
5690	-6.005449e+00
5691	-5.653615e+01
5692	-8.742185e+01
5693	-5.806100e+01
5694	4.277505e+01
5695	-3.387330e+01
5699	-2.667261e+01
5702	-2.371780e+01
5703	-1.915533e+01
5704	-2.753354e+01
5705	1.409000e+01
5706	8.102210e+01
5707	-8.180505e+01
5708	5.759375e+01
5709	4.994904e+00
5710	-7.077710e+01
5711	-7.350251e+00
5712	-4.205591e+01
5714	-5.739900e+01
5716	-3.298335e+01
5718	-9.351900e+01
5720	6.645166e+01
5721	-9.528442e+00
5724	-8.713490e+01
5728	-1.137210e+01
5729	-6.371399e+00
5730	1.695004e+01
5731	1.773970e+01
5732	-6.533097e+00
5733	-4.897095e+01
5735	2.146698e+00
5736	1.321965e+01
5738	-8.513805e+01
5739	-6.676095e+01
5741	-6.078370e+01
5742	-6.132705e+01
5744	-5.838240e+01
5745	-7.818305e+01
5749	-1.848010e+01
5750	-4.928700e+01
5752	-4.205120e+01
5756	-1.498015e+01
5757	-3.761155e+01
5758	-9.480140e+01
5759	-1.773210e+01
5760	-5.800453e+00
5761	-4.595540e+01
5763	-5.110150e+01
5764	5.628014e+01
5765	-5.693630e+01
5768	-3.559030e+01
5770	-4.052399e+00
5771	-5.015695e+01
5772	-9.742030e+01
5773	6.457045e+01
5774	3.610051e+00
5775	-6.495530e+01
5778	-6.981215e+01
5781	-3.329465e+01
5783	1.005800e+01
5789	-8.895145e+01
5790	-1.813586e+01
5792	-6.307251e+00
5793	-2.026590e+01
5797	3.766559e+01
5798	3.500809e+01
5799	-3.916547e+01
5800	3.079886e+01
5801	-5.881480e+01
5803	-4.578655e+01
5804	-4.336485e+01
5806	4.341060e+01
5807	-4.919630e+01
5808	-8.232451e+01
5809	7.426399e+01
5811	-7.140395e+01
5813	6.202289e+01
5818	-9.066050e+01
5820	-7.095710e+01
5823	-9.121311e+01
5825	-5.078255e+01
5829	-8.540145e+01
5830	-7.315675e+01
5831	-9.408075e+01
5834	-2.154320e+01
5835	-1.840205e+01
5843	-4.001120e+01
5844	-2.543510e+01
5845	-8.932745e+01
5846	3.110574e+01
5847	1.077315e+01
5848	-6.632040e+01
5849	-7.502952e+00
5850	8.458648e+00
5851	-8.513410e+01
5852	-6.734385e+01
5854	4.498850e+01
5856	-9.036770e+01
5857	-3.225580e+01
5858	-4.487865e+01
5861	1.138455e+01
5863	-4.189965e+01
5865	-7.107180e+01
5867	6.011700e+00
5868	-5.606455e+01
5869	-9.357750e+00
5874	-6.241895e+01
5875	-8.123199e+00
5876	-8.715698e+00
5877	-4.247406e+01
5878	4.452359e+01
5880	-6.669556e+01
5882	1.502805e+01
5883	1.439371e+01
5884	3.252051e+01
5885	-8.082840e+01
5890	-3.328854e+01
5891	2.760400e-02
5892	4.778499e+01
5893	-5.297275e+01
5894	-6.485014e+01
5896	-3.194984e+01
5902	-2.658810e+01
5906	-3.629285e+01
5907	-1.385706e+01
5908	-5.631335e+01
5912	-5.626480e+01
5914	-4.328115e+01
5915	-3.413855e+01
5916	-7.033935e+01
5917	-4.474005e+01
5919	-6.717575e+01
5921	-6.012335e+01
5922	-4.603545e+01
5924	5.212951e+00
5925	-1.766470e+01
5926	-6.058953e+00
5927	-7.575165e+01
5929	4.316480e-01
5930	4.954440e+01
5934	7.934196e+00
5935	-6.699025e+01
5938	-8.220749e+00
5939	-3.798295e+01
5940	-8.940950e+01
5941	-3.547105e+01
5944	-6.628260e+01
5945	-2.072430e+01
5946	-8.219800e+01
5947	-6.138440e+01
5948	3.705930e+01
5949	-2.382501e+01
5950	4.402802e+00
5956	-8.443400e+01
5957	2.184729e+01
5958	-2.524454e+01
5959	7.152069e+01
5961	-9.375571e+01
5962	-2.899615e+01
5963	-7.903940e+01
5967	-6.258635e+01
5968	7.003920e+01
5969	1.851186e+01
5970	-6.160285e+01
5974	-9.527666e+01
5976	-6.594270e+01
5977	-4.036066e+01
5982	-9.675507e+00
5983	-5.932950e+01
5984	-2.034645e+01
5985	-3.713820e+01
5986	-3.276430e+01
5987	-6.943575e+01
5988	1.261591e+01
5989	-5.799440e+01
5990	3.555640e+01
5991	-6.419770e+01
5992	5.542970e+01
5993	-5.069570e+01
5994	-2.702630e+01
5995	5.762275e+01
5996	-7.301825e+01
6002	-8.363657e+01
6003	-2.709189e+01
6004	-8.877820e+01
6006	-8.373300e+01
6007	6.477014e+01
6010	-8.318950e+01
6013	3.867520e+01
6015	-9.846455e+01
6016	-6.138414e+01
6017	-5.033354e+01
6018	7.461705e+01
6019	-3.544890e+01
6020	-3.103380e+01
6021	7.092439e+01
6022	-1.334274e+01
6026	-1.017585e+02
6027	-9.804790e+01
6029	-3.970856e+00
6030	-3.905756e+01
6031	-1.810989e+01
6033	-3.277949e+01
6034	-3.874930e+01
6035	5.167100e+01
6036	-6.352450e+01
6038	-2.889298e+00
6039	-2.742290e+01
6041	-4.257350e+01
6043	-1.903716e+01
6047	-2.241605e+01
6048	2.280595e+01
6050	9.724854e+00
6052	-9.863100e+01
6053	8.218000e+01
6054	-2.753335e+01
6055	2.055175e+01
6056	3.271035e+01
6058	6.523490e+01
6059	-3.019001e+00
6060	-5.666055e+01
6061	5.082015e+01
6063	-9.691670e+01
6064	-7.291830e+01
6066	-5.186660e+01
6068	-6.560795e+01
6069	-1.842660e+01
6070	-2.705765e+01
6071	-4.236176e+01
6072	1.600464e+00
6073	-9.371003e+00
6074	-3.173599e+01
6075	-9.222571e+01
6078	-9.372710e+01
6080	-4.315179e+01
6084	-7.669956e+01
6086	5.781166e+01
6090	8.565074e+01
6091	-3.799585e+01
6092	-8.965607e+00
6093	-6.706241e+01
6096	4.033846e+01
6099	-2.700075e+01
6100	-9.450285e+01
6101	3.152174e+01
6102	-3.681775e+01
6104	-7.005450e+01
6107	-4.453114e+01
6109	-2.383675e+01
6113	-1.221005e+01
6115	-6.363345e+01
6117	-5.073970e+01
6118	2.200549e+01
6119	-9.877098e+00
6120	2.950729e+01
6122	-1.123775e+01
6124	-9.569340e+01
6125	-5.226510e+01
6126	-1.168760e+01
6128	-4.237165e+01
6129	-1.603250e+01
6130	-2.875565e+01
6131	-2.392450e+01
6133	2.874465e+01
6136	-8.852720e+01
6140	-9.372405e+01
6144	-3.765030e+01
6147	2.531995e+01
6148	4.215564e+01
6149	-2.925604e+01
6151	-4.014230e+01
6152	-1.904596e+01
6153	-5.702560e+01
6154	-9.014465e+01
6155	-9.337131e+01
6156	-4.790010e+01
6159	4.540784e+01
6161	-4.845950e+01
6164	-8.796539e+01
6165	5.822531e+01
6167	-9.218526e+01
6168	-2.243590e+01
6169	-4.697395e+01
6170	-2.819945e+01
6171	-3.181566e+01
6172	-9.110060e+01
6173	-5.062116e+01
6174	-7.316100e+01
6175	-5.332809e+01
6178	-9.770620e+01
6180	-2.425553e+00
6181	-3.665100e+01
6183	-4.273505e+01
6185	-1.603256e+00
6187	3.397935e+01
6189	-6.091035e+01
6190	-5.669760e+01
6191	-3.190155e+01
6192	-8.827645e+01
6195	1.933940e+01
6196	-7.646895e+01
6197	1.455285e+01
6200	-1.941435e+01
6203	-6.136210e+01
6204	-2.573390e+01
6205	-8.919025e+01
6206	-8.612770e+01
6207	3.604085e+01
6208	3.105340e+01
6210	-4.700280e+01
6211	-1.760090e+01
6215	-5.099935e+01
6216	1.966470e+01
6220	-4.636971e+01
6221	1.535629e+01
6222	-4.196706e+01
6223	-9.002756e+01
6224	-7.335084e+01
6225	-4.269040e+01
6227	-5.982960e+01
6229	-4.882445e+01
6230	-7.606970e+01
6231	-2.781490e+01
6237	-1.110870e+01
6241	3.842990e+01
6242	-8.787730e+01
6243	-5.369705e+00
6244	4.641460e+01
6245	1.043549e+00
6246	-6.551739e+01
6247	4.607655e+01
6248	-5.663510e+01
6250	-1.101305e+01
6251	-2.106995e+01
6254	-5.482015e+01
6255	4.942555e+01
6257	-3.274130e+01
6258	-7.296265e+01
6264	8.367850e+01
6265	-1.726640e+01
6268	1.434180e+01
6271	-4.480825e+01
6273	-7.688120e+01
6275	-5.126935e+01
6276	3.472155e+01
6277	-4.426845e+01
6279	1.638875e+01
6280	1.029055e+01
6281	-1.006928e+02
6283	-5.087700e+01
6284	-6.563085e+01
6285	1.565010e-01
6289	-8.240805e+01
6295	7.361530e+01
6298	-2.454250e+00
6300	2.530701e+00
6301	-8.233611e+01
6302	-9.304706e+01
6308	5.355218e+01
6309	-6.254759e+01
6312	-2.148920e+01
6313	-8.754030e+01
6315	-5.007460e+01
6316	-3.754295e+01
6317	-8.701311e+01
6318	-4.308243e+00
6319	1.633440e+01
6320	-3.399741e+01
6321	-3.139893e+00
6324	1.810491e+01
6326	-6.128920e+01
6327	-9.566890e+01
6334	-4.017080e+01
6335	-4.267980e+01
6336	-3.293790e+01
6337	-3.313970e+01
6338	-2.784235e+01
6339	-4.407725e+01
6340	3.251871e+01
6345	-6.991400e+01
6346	1.212469e+01
6347	-7.712695e+01
6348	2.051210e+01
6349	2.206430e+01
6350	-4.663450e+01
6351	-6.090490e+01
6352	-5.111549e+00
6353	-7.001020e+01
6354	3.342335e+01
6355	-3.592575e+01
6356	2.199115e+01
6358	-6.816600e+01
6359	-9.078615e+01
6360	-4.708105e+01
6361	-4.478870e+01
6362	-5.763395e+01
6365	-5.470450e+01
6367	-1.350250e+00
6368	3.431400e-01
6370	-1.023541e+01
6372	-2.889770e+01
6375	-9.182370e+01
6378	1.774985e+01
6379	-6.378995e+01
6381	8.404785e+00
6383	-8.416991e+01
6388	3.971756e+01
6389	-1.232166e+01
6390	5.559109e+01
6391	4.199789e+01
6393	-5.607205e+01
6394	-4.686031e+01
6396	-2.082961e+01
6397	-5.701179e+01
6398	-8.556990e+01
6399	-4.741486e+01
6402	-3.038560e+01
6403	-8.727450e+01
6404	-2.021146e+01
6405	-3.473184e+01
6407	-9.076401e+00
6409	-7.615030e+01
6411	4.173553e+00
6416	1.889365e+01
6418	-9.174610e+01
6420	-1.487220e+01
6421	-5.048445e+01
6422	7.648350e+01
6424	-4.562885e+01
6425	6.072984e+01
6427	1.225880e+01
6428	-3.705505e+01
6429	6.158480e+01
6430	3.875990e+01
6433	5.220690e+01
6434	-2.745825e+01
6436	3.259651e+00
6437	-9.276665e+01
6438	2.510550e+01
6439	-3.819085e+01
6440	-2.354309e+01
6441	-2.979901e+01
6442	-1.019159e+01
6443	3.098059e+01
6444	-5.197931e+01
6445	1.607223e+01
6446	2.391357e+00
6447	2.308710e+01
6449	-4.957080e+01
6450	-5.036459e+01
6451	-4.607550e+01
6452	-6.916138e+00
6453	-4.358624e+01
6454	-9.090740e+01
6455	1.856479e+01
6459	-3.062884e+01
6460	4.386894e+01
6462	-4.390124e+01
6463	-2.220590e+01
6464	-5.795261e+01
6465	-5.510430e+01
6469	-3.746230e+01
6470	-2.105490e+01
6471	-2.130835e+01
6472	-5.388245e+01
6474	-5.681690e+01
6476	-2.015595e+01
6477	-2.500840e+01
6478	-1.998045e+01
6481	-6.471860e+01
6483	-9.376255e+01
6485	-4.290005e+01
6487	-5.779350e+01
6489	-7.817749e+00
6490	-2.630135e+01
6492	-7.677975e+01
6493	2.217505e+01
6494	-4.829956e+00
6495	2.820264e+01
6496	-8.159821e+01
6497	2.070410e+01
6498	6.499951e+01
6499	-5.434161e+01
6500	-9.025560e+01
6501	-5.170139e+01
6505	-8.930365e+01
6506	-1.508040e+01
6507	-8.678820e+01
6508	-6.084190e+01
6509	-3.089055e+01
6510	-6.886764e+01
6512	-3.381731e+01
6513	-5.246884e+01
6514	4.886415e+01
6515	-7.837825e+01
6517	-4.996275e+01
6518	2.805756e+01
6522	-5.637100e+01
6523	-8.545625e+01
6528	-2.145834e+01
6530	-6.973250e+01
6532	-8.692225e+01
6533	4.538465e+01
6534	1.984865e+01
6536	-4.979135e+01
6537	-9.950435e+01
6538	-4.014265e+01
6539	7.205299e+00
6544	-3.195325e+01
6545	-4.637815e+01
6549	6.075075e+01
6550	-7.716850e+01
6555	-5.907565e+01
6556	-6.657739e+01
6557	-1.863571e+01
6558	-9.333749e+01
6560	-4.261110e+01
6561	6.946640e+01
6564	-1.333244e+01
6566	-7.096080e+01
6570	-4.240440e+01
6574	-6.349730e+01
6576	-5.839410e+01
6580	-6.067910e+01
6582	-5.131030e+01
6583	7.861480e-01
6584	7.239760e+01
6585	-4.740250e+01
6587	6.303575e+01
6589	-3.912130e+01
6590	2.357546e+01
6591	1.715585e+01
6592	-1.938725e+01
6593	-5.398550e+01
6594	-5.542170e+01
6597	6.652047e+00
6598	-6.005735e+01
6599	-6.240590e+01
6601	-5.182905e+01
6603	-5.912935e+01
6604	-4.785940e+01
6605	-4.137405e+01
6607	-5.510000e+01
6609	3.953265e+01
6610	-1.704590e+01
6613	-9.255150e+01
6614	-5.166510e+01
6615	1.961905e+01
6616	-4.021335e+01
6617	-7.203654e+01
6619	-2.001605e+01
6620	-6.128680e+01
6621	-2.024126e+01
6622	-5.971870e+01
6626	2.711441e+01
6627	-6.232941e+01
6629	-3.982774e+01
6631	-5.207108e+00
6632	-8.785921e+01
6633	-1.268739e+01
6634	-3.562625e+01
6635	-4.238124e+01
6641	-8.691275e+01
6643	8.424719e+01
6646	-9.611153e+00
6648	-6.914455e+01
6649	-2.751475e+01
6652	-5.851245e+01
6653	-4.451050e+01
6654	-2.442340e+01
6655	-2.841200e+00
6656	4.425916e+01
6657	-8.707916e+01
6658	-1.076501e+01
6659	1.118045e+01
6661	2.264520e+01
6662	-8.650046e+01
6663	-2.904886e+01
6664	-8.034454e+01
6666	-9.297584e+01
6667	-1.343964e+01
6670	-9.562035e+01
6672	-3.693140e+01
6674	-1.821590e+01
6675	-1.665655e+01
6676	-4.602325e+01
6677	-2.002235e+01
6678	-4.877510e+01
6679	-4.287920e+01
6680	-4.909779e+01
6681	-6.428191e+01
6683	-6.135491e+01
6684	-2.178391e+01
6686	-5.894015e+01
6687	-7.063910e+01
6688	-7.832410e+01
6689	7.515499e+00
6690	-1.627756e+01
6691	-4.867010e+01
6692	-3.466885e+01
6693	2.432165e+01
6694	-4.990414e+01
6695	-6.205920e+01
6697	-6.492059e+01
6698	8.270999e+01
6699	-9.516475e+01
6703	-9.126375e+01
6708	-5.016071e+01
6710	4.438725e+01
6711	-8.105950e+01
6713	-2.382715e+01
6714	-3.997900e+01
6715	-9.115050e+01
6716	-3.842840e+01
6722	-5.310335e+01
6723	-4.599000e+00
6726	-3.716626e+01
6728	-8.772119e+01
6729	-5.431061e+01
6731	-1.002487e+02
6732	-9.870544e+00
6736	2.206430e+01
6737	-5.746115e+01
6739	-6.087254e+01
6743	-2.400536e+01
6745	-6.655705e+01
6746	-3.767715e+01
6748	-4.218370e+01
6750	-2.242900e+01
6751	-2.287680e+01
6752	1.838196e+00
6753	-2.173675e+01
6754	-5.536150e+01
6756	3.549405e+01
6758	-3.350357e+00
6759	-8.933630e+01
6761	1.782798e+00
6762	-7.443720e+01
6763	6.986955e+01
6764	-2.164710e+01
6769	-6.898930e+01
6770	-5.117000e+01
6774	4.778160e+01
6777	7.609235e+01
6779	-5.644211e+01
6780	-7.986015e+01
6781	-4.168565e+01
6783	1.538535e+01
6784	-4.086180e+01
6785	-4.984711e+01
6789	-7.256990e+01
6794	-9.249554e+01
6796	-5.053275e+01
6798	-9.102930e+01
6800	6.339845e+01
6803	-8.422815e+01
6804	-6.907015e+01
6806	-6.797510e+01
6807	5.419885e+01
6810	-6.364520e+01
6811	-2.062330e+01
6813	-2.136860e+01
6815	-4.107810e+01
6816	-1.952759e+01
6817	-5.620664e+01
6820	-3.008969e+01
6821	-4.170145e+01
6822	4.095969e+01
6823	-2.715421e+01
6824	-5.189435e+01
6825	-1.293739e+01
6826	-4.556110e+01
6828	-3.969405e+01
6829	-6.642905e+01
6831	-8.430920e+01
6832	-4.044174e+01
6833	-1.558595e+01
6835	-4.021845e+01
6836	-1.347745e+01
6837	-6.842715e+01
6838	-7.650580e+01
6839	2.998990e+01
6840	-2.120860e+01
6841	-8.179015e+01
6842	-2.629349e+00
6843	-5.819910e+01
6845	-5.552035e+01
6846	-8.753160e+01
6847	-5.375905e+01
6857	-5.955026e+01
6860	5.408447e+00
6863	-9.452985e+01
6865	5.463016e+01
6866	3.535010e+01
6867	-3.353301e+01
6868	-4.709895e+01
6869	-4.702740e+01
6870	-6.829370e+01
6873	-8.169403e+00
6874	-5.211690e+01
6875	-1.753915e+01
6877	-4.963040e+01
6878	-4.572945e+01
6879	1.885040e+01
6880	-1.942805e+01
6881	4.158615e+01
6882	1.274990e+01
6884	-5.779044e+01
6885	-6.161630e+01
6886	7.575851e+01
6887	-6.964051e+00
6888	-4.428845e+01
6889	-2.670755e+01
6890	-4.142120e+01
6892	2.235541e+01
6893	-5.969341e+01
6894	-6.090230e+01
6895	3.809395e+01
6897	-4.645986e+01
6898	-4.277741e+01
6899	-4.491505e+01
6900	-3.397820e+01
6901	-1.390225e+01
6902	-6.004080e+01
6905	-1.796960e+01
6906	-5.837950e+01
6907	3.568820e+01
6909	-5.385306e+01
6910	-9.535651e+01
6913	-1.865100e+01
6915	-5.540030e+01
6916	-1.414856e+00
6920	-6.776495e+01
6921	-3.963776e+01
6922	-4.944356e+01
6925	4.564900e+01
6927	-3.474275e+01
6928	6.799510e+01
6929	-2.925740e+01
6930	-6.576080e+01
6934	-1.350006e+00
6935	2.233785e+01
6936	-3.851365e+01
6937	-7.925620e+01
6938	1.411870e+01
6939	-1.340165e+01
6941	2.534855e+01
6942	2.999990e+01
6945	1.116615e+01
6946	-8.158670e+01
6948	7.290823e+01
6949	-3.190451e+01
6950	-7.410319e+01
6951	-9.324660e+01
6952	-8.790770e+01
6955	-6.272995e+01
6956	-8.453949e+00
6957	-6.841690e+01
6958	2.227670e+01
6961	-5.581600e+01
6962	-8.064301e+00
6964	-7.299170e+01
6966	-4.114535e+01
6967	-8.783515e+01
6968	-5.154910e+01
6971	1.510094e+01
6972	-5.338555e+01
6973	1.354248e+00
6974	2.935815e+01
6975	-6.713010e+01
6976	-2.355640e+01
6979	4.193365e+01
6980	-2.151730e+01
6981	-9.101249e+00
6982	-8.762910e+01
6983	-8.762634e+01
